{"producer":{"name":"Blender","version":"2.83.5","exporter_version":"6.4.6","file":"atm_with_screens.babylon"},
"autoClear":true,"clearColor":[0.0509,0.0509,0.0509],"gravity":[0,-9.81,0],
"materials":[{"name":"TouchButtons","id":"TouchButtons","customType":"BABYLON.PBRMaterial","backFaceCulling":true,"checkReadyOnlyOnce":false,"maxSimultaneousLights":4,"environmentIntensity":1,"albedo":[0.8,0.8,0.8],"reflectivity":[0.5,0.5,0.5],"roughness":0.5,"alpha":1,"transparencyMode":0,"alphaCutOff":0.4,"metallic":0},
{"name":"AtmTextured","id":"AtmTextured","customType":"BABYLON.PBRMaterial","backFaceCulling":true,"checkReadyOnlyOnce":false,"maxSimultaneousLights":4,"environmentIntensity":1,"reflectivity":[0.5,0.5,0.5],"roughness":0.5,"alpha":1,"transparencyMode":0,"alphaCutOff":0.4,"metallic":0, 
"albedoTexture":{"name":"atm.png","level":1,"hasAlpha":true,"coordinatesMode":0,"uOffset":0,"vOffset":0,"uScale":1,"vScale":1,"uAng":0,"vAng":0,"wAng":0,"wrapU":1,"wrapV":1,"coordinatesIndex":0},"useAlphaFromAlbedoTexture":true},
{"name":"button","id":"button","customType":"BABYLON.PBRMaterial","backFaceCulling":true,"checkReadyOnlyOnce":false,"maxSimultaneousLights":4,"environmentIntensity":1,"albedo":[0.8,0.8,0.8],"reflectivity":[0.5,0.5,0.5],"roughness":0.5,"alpha":1,"transparencyMode":0,"alphaCutOff":0.4,"metallic":0},
{"name":"Screen","id":"Screen","customType":"BABYLON.PBRMaterial","backFaceCulling":true,"checkReadyOnlyOnce":false,"maxSimultaneousLights":4,"environmentIntensity":1,"reflectivity":[0.5,0.5,0.5],"roughness":0.5,"alpha":1,"transparencyMode":0,"alphaCutOff":0.4,"metallic":0, 
"albedoTexture":{"name":"32.png","level":1,"hasAlpha":true,"coordinatesMode":0,"uOffset":0,"vOffset":0,"uScale":1,"vScale":1,"uAng":0,"vAng":0,"wAng":0,"wrapU":1,"wrapV":1,"coordinatesIndex":0},"useAlphaFromAlbedoTexture":true}],
"multiMaterials":[],
"skeletons":[{"name":"Armature","id":0,"dimensionsAtRest":[1.0202,1.568,1.634],"bones":[
{"name":"Bone","index":0,"matrix":[1,0,0,0,0,1,0,0,0,0,-1,0,0,0,0,1],"rest":[1,0,0,0,0,1,0,0,0,0,-1,0,0,0,0,1],"parentBoneIndex":-1,"length":1
,"animation":{"dataType":3,"framePerSecond":30,"keys":[
{"frame":0,"values":[1,0,0,0,0,1,0,0,0,0,-1,0,0,0,0,1]},
{"frame":50,"values":[1,0,0,0,0,1,0,0,0,0,-1,0,0,0,0,1]},
{"frame":60,"values":[1,0,0,0,0,1,0,0,0,0,-1,0,0,0,0,1]},
{"frame":106,"values":[1,0,0,0,0,1,0,0,0,0,-1,0,0,0,0,1]},
{"frame":120,"values":[1,0,0,0,0,1,0,0,0,0,-1,0,0,0,0,1]},
{"frame":164,"values":[1,0,0,0,0,1,0,0,0,0,-1,0,0,0,0,1]},
{"frame":170,"values":[1,0,0,0,0,1,0,0,0,0,-1,0,0,0,0,1]},
{"frame":230,"values":[1,0,0,0,0,1,0,0,0,0,-1,0,0,0,0,1]},
{"frame":240,"values":[1,0,0,0,0,1,0,0,0,0,-1,0,0,0,0,1]},
{"frame":280,"values":[1,0,0,0,0,1,0,0,0,0,-1,0,0,0,0,1]},
{"frame":290,"values":[1,0,0,0,0,1,0,0,0,0,-1,0,0,0,0,1]},
{"frame":429,"values":[1,0,0,0,0,1,0,0,0,0,-1,0,0,0,0,1]},
{"frame":440,"values":[1,0,0,0,0,1,0,0,0,0,-1,0,0,0,0,1]},
{"frame":535,"values":[1,0,0,0,0,1,0,0,0,0,-1,0,0,0,0,1]},
{"frame":541,"values":[1,0,0,0,0,1,0,0,0,0,-1,0,0,0,0,1]},
{"frame":595,"values":[1,0,0,0,0,1,0,0,0,0,-1,0,0,0,0,1]},
{"frame":600,"values":[1,0,0,0,0,1,0,0,0,0,-1,0,0,0,0,1]},
{"frame":740,"values":[1,0,0,0,0,1,0,0,0,0,-1,0,0,0,0,1]}],"loopBehavior":1,"name":"anim","property":"_matrix"}},
{"name":"Bone.001","index":1,"matrix":[1,0,0,0,0,1,0,0,0,0,-1,0,-0.1023,0.5977,-1.1377,1],"rest":[1,0,0,0,0,1,0,0,0,0,-1,0,-0.1023,0.5977,-1.1377,1],"parentBoneIndex":-1,"length":0.2112
,"animation":{"dataType":3,"framePerSecond":30,"keys":[
{"frame":0,"values":[1,0,0,0,0,0,1,0,0,1,0,0,-0.1023,-2.8681,-1.1377,1]},
{"frame":1,"values":[0.9999,-0.0104,0.0105,0,-0.0104,0.008,0.9999,0,0.0105,0.9999,-0.0079,0,-0.1023,-2.8521,-1.1377,1]},
{"frame":2,"values":[0.9983,-0.0401,0.0413,0,-0.0401,0.0317,0.9987,0,0.0413,0.9987,-0.03,0,-0.1023,-2.8059,-1.1377,1]},
{"frame":3,"values":[0.992,-0.0864,0.0924,0,-0.0864,0.0712,0.9937,0,0.0924,0.9937,-0.0632,0,-0.1023,-2.7324,-1.1377,1]},
{"frame":4,"values":[0.9756,-0.146,0.1642,0,-0.146,0.1276,0.981,0,0.1642,0.981,-0.1031,0,-0.1023,-2.6342,-1.1377,1]},
{"frame":5,"values":[0.9426,-0.2141,0.2563,0,-0.2141,0.2016,0.9558,0,0.2563,0.9558,-0.1442,0,-0.1023,-2.5144,-1.1377,1]},
{"frame":6,"values":[0.8862,-0.2837,0.3663,0,-0.2837,0.2928,0.9131,0,0.3663,0.9131,-0.179,0,-0.1023,-2.3755,-1.1377,1]},
{"frame":7,"values":[0.801,-0.346,0.4886,0,-0.346,0.3983,0.8495,0,0.4886,0.8495,-0.1993,0,-0.1023,-2.2205,-1.1377,1]},
{"frame":8,"values":[0.685,-0.392,0.6141,0,-0.392,0.5123,0.7641,0,0.6141,0.7641,-0.1973,0,-0.1023,-2.0521,-1.1377,1]},
{"frame":9,"values":[0.5416,-0.4139,0.7317,0,-0.4139,0.6263,0.6607,0,0.7317,0.6607,-0.1679,0,-0.1023,-1.8732,-1.1377,1]},
{"frame":10,"values":[0.3796,-0.4083,0.8301,0,-0.4083,0.7312,0.5464,0,0.8301,0.5464,-0.1109,0,-0.1023,-1.6865,-1.1377,1]},
{"frame":11,"values":[0.2108,-0.377,0.9019,0,-0.377,0.8199,0.4308,0,0.9019,0.4308,-0.0307,0,-0.1023,-1.4948,-1.1377,1]},
{"frame":12,"values":[0.0466,-0.3259,0.9443,0,-0.3259,0.8886,0.3228,0,0.9443,0.3228,0.0649,0,-0.1023,-1.301,-1.1377,1]},
{"frame":13,"values":[-0.1046,-0.2633,0.959,0,-0.2633,0.9372,0.2286,0,0.959,0.2286,0.1674,0,-0.1023,-1.1079,-1.1377,1]},
{"frame":14,"values":[-0.2384,-0.1974,0.9509,0,-0.1974,0.9685,0.1515,0,0.9509,0.1515,0.2699,0,-0.1023,-0.9182,-1.1377,1]},
{"frame":15,"values":[-0.3541,-0.1347,0.9254,0,-0.1347,0.9866,0.0921,0,0.9254,0.0921,0.3675,0,-0.1023,-0.7347,-1.1377,1]},
{"frame":16,"values":[-0.4533,-0.0804,0.8877,0,-0.0804,0.9956,0.0491,0,0.8877,0.0491,0.4578,0,-0.1023,-0.5603,-1.1377,1]},
{"frame":17,"values":[-0.539,-0.0378,0.8414,0,-0.0378,0.9991,0.0207,0,0.8414,0.0207,0.54,0,-0.1023,-0.3977,-1.1377,1]},
{"frame":18,"values":[-0.6144,-0.0101,0.7889,0,-0.0101,0.9999,0.0049,0,0.7889,0.0049,0.6145,0,-0.1023,-0.2498,-1.1377,1]},
{"frame":19,"values":[-0.6826,0,0.7308,0,0,1,0,0,0.7308,0,0.6826,0,-0.1023,-0.1193,-1.1377,1]},
{"frame":20,"values":[-0.7562,0,0.6544,0,0,1,0,0,0.6544,0,0.7562,0,-0.1023,-0.0083,-1.1377,1]},
{"frame":21,"values":[-0.8393,0,0.5436,0,0,1,0,0,0.5436,0,0.8393,0,-0.1023,0.0844,-1.1377,1]},
{"frame":22,"values":[-0.9189,0,0.3946,0,0,1,0,0,0.3946,0,0.9189,0,-0.1023,0.1609,-1.1377,1]},
{"frame":23,"values":[-0.9782,0,0.2078,0,0,1,0,0,0.2078,0,0.9782,0,-0.1023,0.2231,-1.1377,1]},
{"frame":24,"values":[-1,0,-0.009,0,0,1,0,0,-0.009,0,1,0,-0.1023,0.273,-1.1377,1]},
{"frame":25,"values":[-0.9708,0,-0.24,0,0,1,0,0,-0.24,0,0.9708,0,-0.1023,0.3126,-1.1377,1]},
{"frame":26,"values":[-0.8859,0,-0.4639,0,0,1,0,0,-0.4639,0,0.8859,0,-0.1023,0.3439,-1.1377,1]},
{"frame":27,"values":[-0.7512,0,-0.6601,0,0,1,0,0,-0.6601,0,0.7512,0,-0.1023,0.3689,-1.1377,1]},
{"frame":28,"values":[-0.5805,0,-0.8143,0,0,1,0,0,-0.8143,0,0.5805,0,-0.1023,0.3896,-1.1377,1]},
{"frame":29,"values":[-0.3905,0,-0.9206,0,0,1,0,0,-0.9206,0,0.3905,0,-0.1023,0.408,-1.1377,1]},
{"frame":30,"values":[-0.1957,0,-0.9807,0,0,1,0,0,-0.9807,0,0.1957,0,-0.1023,0.426,-1.1377,1]},
{"frame":31,"values":[-0.0062,0,-1,0,0,1,0,0,-1,0,0.0062,0,-0.1023,0.4457,-1.1377,1]},
{"frame":32,"values":[0.1958,0,-0.9806,0,0,1,0,0,-0.9806,0,-0.1958,0,-0.1023,0.4685,-1.1377,1]},
{"frame":33,"values":[0.4214,0,-0.9069,0,0,1,0,0,-0.9069,0,-0.4214,0,-0.1023,0.4933,-1.1377,1]},
{"frame":34,"values":[0.6431,0,-0.7658,0,0,1,0,0,-0.7658,0,-0.6431,0,-0.1023,0.5186,-1.1377,1]},
{"frame":35,"values":[0.8248,0,-0.5654,0,0,1,0,0,-0.5654,0,-0.8248,0,-0.1023,0.5429,-1.1377,1]},
{"frame":36,"values":[0.9405,0,-0.3397,0,0,1,0,0,-0.3397,0,-0.9405,0,-0.1023,0.5645,-1.1377,1]},
{"frame":37,"values":[0.9907,0,-0.1361,0,0,1,0,0,-0.1361,0,-0.9907,0,-0.1023,0.5819,-1.1377,1]},
{"frame":38,"values":[1,0,0.0051,0,0,1,0,0,0.0051,0,-1,0,-0.1023,0.5934,-1.1377,1]},
{"frame":39,"values":[0.9984,0,0.0571,0,0,1,0,0,0.0571,0,-0.9984,0,-0.1023,0.5977,-1.1377,1]},
{"frame":40,"values":[1.0041,0,0.065,0,0,1.0062,0,0,0.065,0,-1.0041,0,-0.1023,0.5977,-1.1377,1]},
{"frame":41,"values":[1.0147,0,0.1276,0,0,1.0227,0,0,0.1276,0,-1.0147,0,-0.1023,0.5977,-1.1377,1]},
{"frame":42,"values":[1.0436,0,-0.071,0,0,1.046,0,0,-0.071,0,-1.0436,0,-0.1023,0.5977,-1.1377,1]},
{"frame":43,"values":[1.0727,0,-0.008,0,0,1.0727,0,0,-0.008,0,-1.0727,0,-0.1023,0.5977,-1.1377,1]},
{"frame":44,"values":[1.0994,0,0,0,0,1.0994,0,0,0,0,-1.0994,0,-0.1023,0.5977,-1.1377,1]},
{"frame":45,"values":[1.1226,0,0,0,0,1.1226,0,0,0,0,-1.1226,0,-0.1023,0.5977,-1.1377,1]},
{"frame":46,"values":[1.1391,0,0,0,0,1.1391,0,0,0,0,-1.1391,0,-0.1023,0.5977,-1.1377,1]},
{"frame":47,"values":[1.1454,0,0,0,0,1.1454,0,0,0,0,-1.1454,0,-0.1023,0.5977,-1.1377,1]},
{"frame":48,"values":[1.1077,0,0,0,0,1.1077,0,0,0,0,-1.1077,0,-0.1023,0.5977,-1.1377,1]},
{"frame":49,"values":[1.0377,0,0,0,0,1.0377,0,0,0,0,-1.0377,0,-0.1023,0.5977,-1.1377,1]},
{"frame":50,"values":[1,0,0,0,0,1,0,0,0,0,-1,0,-0.1023,0.5977,-1.1377,1]},
{"frame":60,"values":[1,0,0,0,0,0,1,0,0,1,0,0,0.6207,0.1004,-0.0238,1]},
{"frame":106,"values":[1,0,0,0,0,0,1,0,0,1,0,0,0.6207,0.1004,-0.0238,1]},
{"frame":120,"values":[1,0,0,0,0,0,1,0,0,1,0,0,0.6207,0.1004,-0.0238,1]},
{"frame":164,"values":[1,0,0,0,0,0,1,0,0,1,0,0,0.6207,0.1004,-0.0238,1]},
{"frame":170,"values":[1,0,0,0,0,0,1,0,0,1,0,0,0.6207,0.1004,-0.0238,1]},
{"frame":230,"values":[1,0,0,0,0,0,1,0,0,1,0,0,0.6207,0.1004,-0.0238,1]},
{"frame":240,"values":[1,0,0,0,0,0,1,0,0,1,0,0,0.6207,0.1004,-0.0238,1]},
{"frame":280,"values":[1,0,0,0,0,0,1,0,0,1,0,0,0.6207,0.1004,-0.0238,1]},
{"frame":290,"values":[1,0,0,0,0,1,0,0,0,0,-1,0,-0.1023,0.5977,-1.1377,1]},
{"frame":297,"values":[1.0248,0,0,0,0,1.0248,0,0,0,0,-1.0248,0,-0.1023,0.5977,-1.1377,1]},
{"frame":298,"values":[1.0841,0,0,0,0,1.0841,0,0,0,0,-1.0841,0,-0.1023,0.5977,-1.1377,1]},
{"frame":299,"values":[1.1547,0,0,0,0,1.1547,0,0,0,0,-1.1547,0,-0.1023,0.5977,-1.1377,1]},
{"frame":300,"values":[1.214,0,0,0,0,1.214,0,0,0,0,-1.214,0,-0.1023,0.5977,-1.1377,1]},
{"frame":301,"values":[1.2388,0,0,0,0,1.2388,0,0,0,0,-1.2388,0,-0.1023,0.5977,-1.1377,1]},
{"frame":302,"values":[1.214,0,0,0,0,1.214,0,0,0,0,-1.214,0,-0.1023,0.5977,-1.1377,1]},
{"frame":303,"values":[1.1547,0,0,0,0,1.1547,0,0,0,0,-1.1547,0,-0.1023,0.5977,-1.1377,1]},
{"frame":304,"values":[1.0841,0,0,0,0,1.0841,0,0,0,0,-1.0841,0,-0.1023,0.5977,-1.1377,1]},
{"frame":305,"values":[1.0248,0,0,0,0,1.0248,0,0,0,0,-1.0248,0,-0.1023,0.5977,-1.1377,1]},
{"frame":306,"values":[1,0,0,0,0,1,0,0,0,0,-1,0,-0.1023,0.5977,-1.1377,1]},
{"frame":312,"values":[0.9999,0.0044,-0.0126,0,-0.0043,1,0.0064,0,-0.0126,0.0063,-0.9999,0,-0.0989,0.5858,-1.134,1]},
{"frame":313,"values":[0.9987,0.017,-0.0476,0,-0.0158,0.9996,0.025,0,-0.048,0.0243,-0.9986,0,-0.0891,0.5529,-1.1233,1]},
{"frame":314,"values":[0.9942,0.0376,-0.1006,0,-0.0321,0.9979,0.0556,0,-0.1025,0.0521,-0.9934,0,-0.0736,0.5032,-1.1064,1]},
{"frame":315,"values":[0.9837,0.0662,-0.167,0,-0.0503,0.9939,0.0977,0,-0.1725,0.0877,-0.9811,0,-0.0532,0.441,-1.0841,1]},
{"frame":316,"values":[0.965,0.1026,-0.2412,0,-0.0673,0.9863,0.1505,0,-0.2533,0.129,-0.9587,0,-0.0285,0.3703,-1.0572,1]},
{"frame":317,"values":[0.9371,0.1459,-0.3172,0,-0.0798,0.9739,0.2123,0,-0.3399,0.1736,-0.9243,0,-0.0003,0.2955,-1.0263,1]},
{"frame":318,"values":[0.9005,0.1946,-0.3888,0,-0.0854,0.956,0.2805,0,-0.4263,0.2194,-0.8776,0,0.0309,0.2206,-0.9923,1]},
{"frame":319,"values":[0.8582,0.2462,-0.4505,0,-0.0826,0.9323,0.3521,0,-0.5066,0.265,-0.8204,0,0.0642,0.1499,-0.9559,1]},
{"frame":320,"values":[0.8145,0.2977,-0.4979,0,-0.0711,0.903,0.4237,0,-0.5758,0.3097,-0.7567,0,0.099,0.0877,-0.9179,1]},
{"frame":321,"values":[0.7751,0.346,-0.5287,0,-0.0519,0.8688,0.4924,0,-0.6297,0.3542,-0.6914,0,0.1345,0.038,-0.8791,1]},
{"frame":322,"values":[0.7459,0.3874,-0.5418,0,-0.0273,0.8305,0.5563,0,-0.6655,0.4002,-0.6301,0,0.1701,0.0051,-0.8401,1]},
{"frame":323,"values":[0.7326,0.4182,-0.537,0,0,0.7889,0.6145,0,-0.6806,0.4502,-0.578,0,0.2052,-0.0068,-0.8019,1]},
{"frame":324,"values":[0.742,0.4293,-0.5149,0,0.0306,0.7455,0.6658,0,-0.6697,0.5098,-0.5401,0,0.239,-0.006,-0.765,1]},
{"frame":325,"values":[0.7742,0.4143,-0.4785,0,0.0648,0.7001,0.7111,0,-0.6296,0.5816,-0.5152,0,0.2715,-0.0039,-0.7295,1]},
{"frame":326,"values":[0.8222,0.3725,-0.4304,0,0.0989,0.6512,0.7524,0,-0.5605,0.6612,-0.4986,0,0.3027,-0.0006,-0.6954,1]},
{"frame":327,"values":[0.8769,0.3035,-0.3728,0,0.1294,0.5978,0.7911,0,-0.463,0.742,-0.4849,0,0.3326,0.0038,-0.6627,1]},
{"frame":328,"values":[0.928,0.2094,-0.3082,0,0.153,0.54,0.8276,0,-0.3397,0.8152,-0.4691,0,0.3612,0.0091,-0.6314,1]},
{"frame":329,"values":[0.9659,0.0956,-0.2406,0,0.1671,0.4793,0.8616,0,-0.1977,0.8724,-0.447,0,0.3886,0.0152,-0.6015,1]},
{"frame":330,"values":[0.9842,-0.0288,-0.1747,0,0.1706,0.4182,0.8922,0,-0.0474,0.9079,-0.4165,0,0.4147,0.022,-0.573,1]},
{"frame":331,"values":[0.9815,-0.1525,-0.1155,0,0.164,0.3595,0.9186,0,0.0986,0.9206,-0.3779,0,0.4395,0.0292,-0.5459,1]},
{"frame":332,"values":[0.962,-0.2648,-0.067,0,0.1496,0.3056,0.9403,0,0.2285,0.9146,-0.3336,0,0.4632,0.0369,-0.52,1]},
{"frame":333,"values":[0.9334,-0.3574,-0.0313,0,0.1307,0.2575,0.9574,0,0.3341,0.8977,-0.2871,0,0.4856,0.0447,-0.4956,1]},
{"frame":334,"values":[0.905,-0.4252,-0.009,0,0.1107,0.215,0.9703,0,0.4107,0.8792,-0.2417,0,0.5067,0.0527,-0.4724,1]},
{"frame":335,"values":[0.8852,-0.4653,0.0003,0,0.0928,0.177,0.9798,0,0.4559,0.8673,-0.1999,0,0.5267,0.0605,-0.4506,1]},
{"frame":336,"values":[0.88,-0.475,-0.0027,0,0.0797,0.142,0.9867,0,0.4683,0.8684,-0.1628,0,0.5455,0.0682,-0.4301,1]},
{"frame":337,"values":[0.8953,-0.4454,-0.0107,0,0.0667,0.1103,0.9917,0,0.4405,0.8885,-0.1285,0,0.563,0.0755,-0.411,1]},
{"frame":338,"values":[0.9256,-0.3782,-0.0155,0,0.0503,0.0822,0.9953,0,0.3752,0.9221,-0.0951,0,0.579,0.0823,-0.3936,1]},
{"frame":339,"values":[0.9579,-0.2867,-0.0161,0,0.0338,0.0569,0.9978,0,0.2851,0.9563,-0.0642,0,0.5929,0.0882,-0.3783,1]},
{"frame":340,"values":[0.9825,-0.186,-0.0128,0,0.0196,0.0346,0.9992,0,0.1854,0.9819,-0.0376,0,0.6044,0.0932,-0.3657,1]},
{"frame":341,"values":[0.9956,-0.0934,-0.0074,0,0.0089,0.0165,0.9998,0,0.0932,0.9955,-0.0173,0,0.6132,0.0971,-0.3562,1]},
{"frame":342,"values":[0.9997,-0.026,-0.0022,0,0.0023,0.0044,1,0,0.026,0.9997,-0.0045,0,0.6187,0.0995,-0.3501,1]},
{"frame":343,"values":[1,0,0,0,0,0,1,0,0,1,0,0,0.6207,0.1004,-0.348,1]},
{"frame":354,"values":[1,0,0,0,0,0,1,0,0,1,0,0,0.6207,0.1004,-0.3386,1]},
{"frame":355,"values":[1,0,0,0,0,0,1,0,0,1,0,0,0.6207,0.1004,-0.3164,1]},
{"frame":356,"values":[1,0,0,0,0,0,1,0,0,1,0,0,0.6207,0.1004,-0.2898,1]},
{"frame":357,"values":[1,0,0,0,0,0,1,0,0,1,0,0,0.6207,0.1004,-0.2675,1]},
{"frame":358,"values":[1,0,0,0,0,0,1,0,0,1,0,0,0.6207,0.1004,-0.2582,1]},
{"frame":365,"values":[1,0,0,0,0,0,1,0,0,1,0,0,0.6207,0.1004,-0.258,1]},
{"frame":366,"values":[1,0,0,0,0,0,1,0,0,1,0,0,0.6207,0.1004,-0.2573,1]},
{"frame":367,"values":[1,0,0,0,0,0,1,0,0,1,0,0,0.6207,0.1004,-0.2562,1]},
{"frame":368,"values":[1,0,0,0,0,0,1,0,0,1,0,0,0.6207,0.1004,-0.2548,1]},
{"frame":369,"values":[1,0,0,0,0,0,1,0,0,1,0,0,0.6207,0.1004,-0.2529,1]},
{"frame":370,"values":[1,0,0,0,0,0,1,0,0,1,0,0,0.6207,0.1004,-0.2507,1]},
{"frame":371,"values":[1,0,0,0,0,0,1,0,0,1,0,0,0.6207,0.1004,-0.2481,1]},
{"frame":372,"values":[1,0,0,0,0,0,1,0,0,1,0,0,0.6207,0.1004,-0.2452,1]},
{"frame":373,"values":[1,0,0,0,0,0,1,0,0,1,0,0,0.6207,0.1004,-0.242,1]},
{"frame":374,"values":[1,0,0,0,0,0,1,0,0,1,0,0,0.6207,0.1004,-0.2384,1]},
{"frame":375,"values":[1,0,0,0,0,0,1,0,0,1,0,0,0.6207,0.1004,-0.2346,1]},
{"frame":376,"values":[1,0,0,0,0,0,1,0,0,1,0,0,0.6207,0.1004,-0.2305,1]},
{"frame":377,"values":[1,0,0,0,0,0,1,0,0,1,0,0,0.6207,0.1004,-0.2262,1]},
{"frame":378,"values":[1,0,0,0,0,0,1,0,0,1,0,0,0.6207,0.1004,-0.2216,1]},
{"frame":379,"values":[1,0,0,0,0,0,1,0,0,1,0,0,0.6207,0.1004,-0.2167,1]},
{"frame":380,"values":[1,0,0,0,0,0,1,0,0,1,0,0,0.6207,0.1004,-0.2117,1]},
{"frame":381,"values":[1,0,0,0,0,0,1,0,0,1,0,0,0.6207,0.1004,-0.2065,1]},
{"frame":382,"values":[1,0,0,0,0,0,1,0,0,1,0,0,0.6207,0.1004,-0.2011,1]},
{"frame":383,"values":[1,0,0,0,0,0,1,0,0,1,0,0,0.6207,0.1004,-0.1955,1]},
{"frame":384,"values":[1,0,0,0,0,0,1,0,0,1,0,0,0.6207,0.1004,-0.1898,1]},
{"frame":385,"values":[1,0,0,0,0,0,1,0,0,1,0,0,0.6207,0.1004,-0.184,1]},
{"frame":386,"values":[1,0,0,0,0,0,1,0,0,1,0,0,0.6207,0.1004,-0.1781,1]},
{"frame":387,"values":[1,0,0,0,0,0,1,0,0,1,0,0,0.6207,0.1004,-0.172,1]},
{"frame":388,"values":[1,0,0,0,0,0,1,0,0,1,0,0,0.6207,0.1004,-0.1659,1]},
{"frame":389,"values":[1,0,0,0,0,0,1,0,0,1,0,0,0.6207,0.1004,-0.1597,1]},
{"frame":390,"values":[1,0,0,0,0,0,1,0,0,1,0,0,0.6207,0.1004,-0.1535,1]},
{"frame":391,"values":[1,0,0,0,0,0,1,0,0,1,0,0,0.6207,0.1004,-0.1473,1]},
{"frame":392,"values":[1,0,0,0,0,0,1,0,0,1,0,0,0.6207,0.1004,-0.141,1]},
{"frame":393,"values":[1,0,0,0,0,0,1,0,0,1,0,0,0.6207,0.1004,-0.1347,1]},
{"frame":394,"values":[1,0,0,0,0,0,1,0,0,1,0,0,0.6207,0.1004,-0.1284,1]},
{"frame":395,"values":[1,0,0,0,0,0,1,0,0,1,0,0,0.6207,0.1004,-0.1222,1]},
{"frame":396,"values":[1,0,0,0,0,0,1,0,0,1,0,0,0.6207,0.1004,-0.116,1]},
{"frame":397,"values":[1,0,0,0,0,0,1,0,0,1,0,0,0.6207,0.1004,-0.1099,1]},
{"frame":398,"values":[1,0,0,0,0,0,1,0,0,1,0,0,0.6207,0.1004,-0.1039,1]},
{"frame":399,"values":[1,0,0,0,0,0,1,0,0,1,0,0,0.6207,0.1004,-0.098,1]},
{"frame":400,"values":[1,0,0,0,0,0,1,0,0,1,0,0,0.6207,0.1004,-0.0921,1]},
{"frame":401,"values":[1,0,0,0,0,0,1,0,0,1,0,0,0.6207,0.1004,-0.0864,1]},
{"frame":402,"values":[1,0,0,0,0,0,1,0,0,1,0,0,0.6207,0.1004,-0.0809,1]},
{"frame":403,"values":[1,0,0,0,0,0,1,0,0,1,0,0,0.6207,0.1004,-0.0755,1]},
{"frame":404,"values":[1,0,0,0,0,0,1,0,0,1,0,0,0.6207,0.1004,-0.0703,1]},
{"frame":405,"values":[1,0,0,0,0,0,1,0,0,1,0,0,0.6207,0.1004,-0.0652,1]},
{"frame":406,"values":[1,0,0,0,0,0,1,0,0,1,0,0,0.6207,0.1004,-0.0604,1]},
{"frame":407,"values":[1,0,0,0,0,0,1,0,0,1,0,0,0.6207,0.1004,-0.0558,1]},
{"frame":408,"values":[1,0,0,0,0,0,1,0,0,1,0,0,0.6207,0.1004,-0.0515,1]},
{"frame":409,"values":[1,0,0,0,0,0,1,0,0,1,0,0,0.6207,0.1004,-0.0474,1]},
{"frame":410,"values":[1,0,0,0,0,0,1,0,0,1,0,0,0.6207,0.1004,-0.0435,1]},
{"frame":411,"values":[1,0,0,0,0,0,1,0,0,1,0,0,0.6207,0.1004,-0.04,1]},
{"frame":412,"values":[1,0,0,0,0,0,1,0,0,1,0,0,0.6207,0.1004,-0.0368,1]},
{"frame":413,"values":[1,0,0,0,0,0,1,0,0,1,0,0,0.6207,0.1004,-0.0339,1]},
{"frame":414,"values":[1,0,0,0,0,0,1,0,0,1,0,0,0.6207,0.1004,-0.0313,1]},
{"frame":415,"values":[1,0,0,0,0,0,1,0,0,1,0,0,0.6207,0.1004,-0.0291,1]},
{"frame":416,"values":[1,0,0,0,0,0,1,0,0,1,0,0,0.6207,0.1004,-0.0272,1]},
{"frame":417,"values":[1,0,0,0,0,0,1,0,0,1,0,0,0.6207,0.1004,-0.0257,1]},
{"frame":418,"values":[1,0,0,0,0,0,1,0,0,1,0,0,0.6207,0.1004,-0.0247,1]},
{"frame":419,"values":[1,0,0,0,0,0,1,0,0,1,0,0,0.6207,0.1004,-0.024,1]},
{"frame":420,"values":[1,0,0,0,0,0,1,0,0,1,0,0,0.6207,0.1004,-0.0238,1]},
{"frame":429,"values":[1,0,0,0,0,0,1,0,0,1,0,0,0.6207,0.1004,-0.0238,1]},
{"frame":440,"values":[1,0,0,0,0,0,1,0,0,1,0,0,0.6207,0.1004,-0.0238,1]},
{"frame":535,"values":[1,0,0,0,0,0,1,0,0,1,0,0,0.6207,0.1004,-0.0238,1]},
{"frame":541,"values":[1,0,0,0,0,0,1,0,0,1,0,0,0.6207,0.1004,-0.0238,1]},
{"frame":595,"values":[1,0,0,0,0,0,1,0,0,1,0,0,0.6207,0.1004,-0.0238,1]},
{"frame":600,"values":[1,0,0,0,0,0,1,0,0,1,0,0,0.6207,0.1004,-0.0238,1]},
{"frame":611,"values":[1,0,0,0,0,0,1,0,0,1,0,0,0.6207,0.1004,-0.024,1]},
{"frame":612,"values":[1,0,0,0,0,0,1,0,0,1,0,0,0.6207,0.1004,-0.0247,1]},
{"frame":613,"values":[1,0,0,0,0,0,1,0,0,1,0,0,0.6207,0.1004,-0.0257,1]},
{"frame":614,"values":[1,0,0,0,0,0,1,0,0,1,0,0,0.6207,0.1004,-0.0272,1]},
{"frame":615,"values":[1,0,0,0,0,0,1,0,0,1,0,0,0.6207,0.1004,-0.0291,1]},
{"frame":616,"values":[1,0,0,0,0,0,1,0,0,1,0,0,0.6207,0.1004,-0.0313,1]},
{"frame":617,"values":[1,0,0,0,0,0,1,0,0,1,0,0,0.6207,0.1004,-0.0339,1]},
{"frame":618,"values":[1,0,0,0,0,0,1,0,0,1,0,0,0.6207,0.1004,-0.0368,1]},
{"frame":619,"values":[1,0,0,0,0,0,1,0,0,1,0,0,0.6207,0.1004,-0.04,1]},
{"frame":620,"values":[1,0,0,0,0,0,1,0,0,1,0,0,0.6207,0.1004,-0.0435,1]},
{"frame":621,"values":[1,0,0,0,0,0,1,0,0,1,0,0,0.6207,0.1004,-0.0474,1]},
{"frame":622,"values":[1,0,0,0,0,0,1,0,0,1,0,0,0.6207,0.1004,-0.0515,1]},
{"frame":623,"values":[1,0,0,0,0,0,1,0,0,1,0,0,0.6207,0.1004,-0.0558,1]},
{"frame":624,"values":[1,0,0,0,0,0,1,0,0,1,0,0,0.6207,0.1004,-0.0604,1]},
{"frame":625,"values":[1,0,0,0,0,0,1,0,0,1,0,0,0.6207,0.1004,-0.0652,1]},
{"frame":626,"values":[1,0,0,0,0,0,1,0,0,1,0,0,0.6207,0.1004,-0.0703,1]},
{"frame":627,"values":[1,0,0,0,0,0,1,0,0,1,0,0,0.6207,0.1004,-0.0755,1]},
{"frame":628,"values":[1,0,0,0,0,0,1,0,0,1,0,0,0.6207,0.1004,-0.0809,1]},
{"frame":629,"values":[1,0,0,0,0,0,1,0,0,1,0,0,0.6207,0.1004,-0.0864,1]},
{"frame":630,"values":[1,0,0,0,0,0,1,0,0,1,0,0,0.6207,0.1004,-0.0921,1]},
{"frame":631,"values":[1,0,0,0,0,0,1,0,0,1,0,0,0.6207,0.1004,-0.098,1]},
{"frame":632,"values":[1,0,0,0,0,0,1,0,0,1,0,0,0.6207,0.1004,-0.1039,1]},
{"frame":633,"values":[1,0,0,0,0,0,1,0,0,1,0,0,0.6207,0.1004,-0.1099,1]},
{"frame":634,"values":[1,0,0,0,0,0,1,0,0,1,0,0,0.6207,0.1004,-0.116,1]},
{"frame":635,"values":[1,0,0,0,0,0,1,0,0,1,0,0,0.6207,0.1004,-0.1222,1]},
{"frame":636,"values":[1,0,0,0,0,0,1,0,0,1,0,0,0.6207,0.1004,-0.1284,1]},
{"frame":637,"values":[1,0,0,0,0,0,1,0,0,1,0,0,0.6207,0.1004,-0.1347,1]},
{"frame":638,"values":[1,0,0,0,0,0,1,0,0,1,0,0,0.6207,0.1004,-0.141,1]},
{"frame":639,"values":[1,0,0,0,0,0,1,0,0,1,0,0,0.6207,0.1004,-0.1473,1]},
{"frame":640,"values":[1,0,0,0,0,0,1,0,0,1,0,0,0.6207,0.1004,-0.1535,1]},
{"frame":641,"values":[1,0,0,0,0,0,1,0,0,1,0,0,0.6207,0.1004,-0.1597,1]},
{"frame":642,"values":[1,0,0,0,0,0,1,0,0,1,0,0,0.6207,0.1004,-0.1659,1]},
{"frame":643,"values":[1,0,0,0,0,0,1,0,0,1,0,0,0.6207,0.1004,-0.172,1]},
{"frame":644,"values":[1,0,0,0,0,0,1,0,0,1,0,0,0.6207,0.1004,-0.1781,1]},
{"frame":645,"values":[1,0,0,0,0,0,1,0,0,1,0,0,0.6207,0.1004,-0.184,1]},
{"frame":646,"values":[1,0,0,0,0,0,1,0,0,1,0,0,0.6207,0.1004,-0.1898,1]},
{"frame":647,"values":[1,0,0,0,0,0,1,0,0,1,0,0,0.6207,0.1004,-0.1955,1]},
{"frame":648,"values":[1,0,0,0,0,0,1,0,0,1,0,0,0.6207,0.1004,-0.2011,1]},
{"frame":649,"values":[1,0,0,0,0,0,1,0,0,1,0,0,0.6207,0.1004,-0.2065,1]},
{"frame":650,"values":[1,0,0,0,0,0,1,0,0,1,0,0,0.6207,0.1004,-0.2117,1]},
{"frame":651,"values":[1,0,0,0,0,0,1,0,0,1,0,0,0.6207,0.1004,-0.2167,1]},
{"frame":652,"values":[1,0,0,0,0,0,1,0,0,1,0,0,0.6207,0.1004,-0.2216,1]},
{"frame":653,"values":[1,0,0,0,0,0,1,0,0,1,0,0,0.6207,0.1004,-0.2262,1]},
{"frame":654,"values":[1,0,0,0,0,0,1,0,0,1,0,0,0.6207,0.1004,-0.2305,1]},
{"frame":655,"values":[1,0,0,0,0,0,1,0,0,1,0,0,0.6207,0.1004,-0.2346,1]},
{"frame":656,"values":[1,0,0,0,0,0,1,0,0,1,0,0,0.6207,0.1004,-0.2384,1]},
{"frame":657,"values":[1,0,0,0,0,0,1,0,0,1,0,0,0.6207,0.1004,-0.242,1]},
{"frame":658,"values":[1,0,0,0,0,0,1,0,0,1,0,0,0.6207,0.1004,-0.2452,1]},
{"frame":659,"values":[1,0,0,0,0,0,1,0,0,1,0,0,0.6207,0.1004,-0.2481,1]},
{"frame":660,"values":[1,0,0,0,0,0,1,0,0,1,0,0,0.6207,0.1004,-0.2507,1]},
{"frame":661,"values":[1,0,0,0,0,0,1,0,0,1,0,0,0.6207,0.1004,-0.2529,1]},
{"frame":662,"values":[1,0,0,0,0,0,1,0,0,1,0,0,0.6207,0.1004,-0.2548,1]},
{"frame":663,"values":[1,0,0,0,0,0,1,0,0,1,0,0,0.6207,0.1004,-0.2562,1]},
{"frame":664,"values":[1,0,0,0,0,0,1,0,0,1,0,0,0.6207,0.1004,-0.2573,1]},
{"frame":665,"values":[1,0,0,0,0,0,1,0,0,1,0,0,0.6207,0.1004,-0.258,1]},
{"frame":666,"values":[1,0,0,0,0,0,1,0,0,1,0,0,0.6207,0.1004,-0.2582,1]},
{"frame":673,"values":[1,0,0,0,0,0,1,0,0,1,0,0,0.6207,0.1004,-0.2675,1]},
{"frame":674,"values":[1,0,0,0,0,0,1,0,0,1,0,0,0.6207,0.1004,-0.2898,1]},
{"frame":675,"values":[1,0,0,0,0,0,1,0,0,1,0,0,0.6207,0.1004,-0.3164,1]},
{"frame":676,"values":[1,0,0,0,0,0,1,0,0,1,0,0,0.6207,0.1004,-0.3386,1]},
{"frame":677,"values":[1,0,0,0,0,0,1,0,0,1,0,0,0.6207,0.1004,-0.348,1]},
{"frame":688,"values":[0.9997,-0.026,-0.0022,0,0.0023,0.0044,1,0,0.026,0.9997,-0.0045,0,0.6187,0.0995,-0.3501,1]},
{"frame":689,"values":[0.9956,-0.0934,-0.0074,0,0.0089,0.0165,0.9998,0,0.0932,0.9955,-0.0173,0,0.6132,0.0971,-0.3562,1]},
{"frame":690,"values":[0.9825,-0.186,-0.0128,0,0.0196,0.0346,0.9992,0,0.1854,0.9819,-0.0376,0,0.6044,0.0932,-0.3657,1]},
{"frame":691,"values":[0.9579,-0.2867,-0.0161,0,0.0338,0.0569,0.9978,0,0.2851,0.9563,-0.0642,0,0.5929,0.0882,-0.3783,1]},
{"frame":692,"values":[0.9256,-0.3782,-0.0155,0,0.0503,0.0822,0.9953,0,0.3752,0.9221,-0.0951,0,0.579,0.0823,-0.3936,1]},
{"frame":693,"values":[0.8953,-0.4454,-0.0107,0,0.0667,0.1103,0.9917,0,0.4405,0.8885,-0.1285,0,0.563,0.0755,-0.411,1]},
{"frame":694,"values":[0.88,-0.475,-0.0027,0,0.0797,0.142,0.9867,0,0.4683,0.8684,-0.1628,0,0.5455,0.0682,-0.4301,1]},
{"frame":695,"values":[0.8852,-0.4653,0.0003,0,0.0928,0.177,0.9798,0,0.4559,0.8673,-0.1999,0,0.5267,0.0605,-0.4506,1]},
{"frame":696,"values":[0.905,-0.4252,-0.009,0,0.1107,0.215,0.9703,0,0.4107,0.8792,-0.2417,0,0.5067,0.0527,-0.4724,1]},
{"frame":697,"values":[0.9334,-0.3574,-0.0313,0,0.1307,0.2575,0.9574,0,0.3341,0.8977,-0.2871,0,0.4856,0.0447,-0.4956,1]},
{"frame":698,"values":[0.962,-0.2648,-0.067,0,0.1496,0.3056,0.9403,0,0.2285,0.9146,-0.3336,0,0.4632,0.0369,-0.52,1]},
{"frame":699,"values":[0.9815,-0.1525,-0.1155,0,0.164,0.3595,0.9186,0,0.0986,0.9206,-0.3779,0,0.4395,0.0292,-0.5459,1]},
{"frame":700,"values":[0.9842,-0.0288,-0.1747,0,0.1706,0.4182,0.8922,0,-0.0474,0.9079,-0.4165,0,0.4147,0.022,-0.573,1]},
{"frame":701,"values":[0.9659,0.0956,-0.2406,0,0.1671,0.4793,0.8616,0,-0.1977,0.8724,-0.447,0,0.3886,0.0152,-0.6015,1]},
{"frame":702,"values":[0.928,0.2094,-0.3082,0,0.153,0.54,0.8276,0,-0.3397,0.8152,-0.4691,0,0.3612,0.0091,-0.6314,1]},
{"frame":703,"values":[0.8769,0.3035,-0.3728,0,0.1294,0.5978,0.7911,0,-0.463,0.742,-0.4849,0,0.3326,0.0038,-0.6627,1]},
{"frame":704,"values":[0.8222,0.3725,-0.4304,0,0.0989,0.6512,0.7524,0,-0.5605,0.6612,-0.4986,0,0.3027,-0.0006,-0.6954,1]},
{"frame":705,"values":[0.7742,0.4143,-0.4785,0,0.0648,0.7001,0.7111,0,-0.6296,0.5816,-0.5152,0,0.2715,-0.0039,-0.7295,1]},
{"frame":706,"values":[0.742,0.4293,-0.5149,0,0.0306,0.7455,0.6658,0,-0.6697,0.5098,-0.5401,0,0.239,-0.006,-0.765,1]},
{"frame":707,"values":[0.7326,0.4182,-0.537,0,0,0.7889,0.6145,0,-0.6806,0.4502,-0.578,0,0.2052,-0.0068,-0.8019,1]},
{"frame":708,"values":[0.7459,0.3874,-0.5418,0,-0.0273,0.8305,0.5563,0,-0.6655,0.4002,-0.6301,0,0.1701,0.0051,-0.8401,1]},
{"frame":709,"values":[0.7751,0.346,-0.5287,0,-0.0519,0.8688,0.4924,0,-0.6297,0.3542,-0.6914,0,0.1345,0.038,-0.8791,1]},
{"frame":710,"values":[0.8145,0.2977,-0.4979,0,-0.0711,0.903,0.4237,0,-0.5758,0.3097,-0.7567,0,0.099,0.0877,-0.9179,1]},
{"frame":711,"values":[0.8582,0.2462,-0.4505,0,-0.0826,0.9323,0.3521,0,-0.5066,0.265,-0.8204,0,0.0642,0.1499,-0.9559,1]},
{"frame":712,"values":[0.9005,0.1946,-0.3888,0,-0.0854,0.956,0.2805,0,-0.4263,0.2194,-0.8776,0,0.0309,0.2206,-0.9923,1]},
{"frame":713,"values":[0.9371,0.1459,-0.3172,0,-0.0798,0.9739,0.2123,0,-0.3399,0.1736,-0.9243,0,-0.0003,0.2955,-1.0263,1]},
{"frame":714,"values":[0.965,0.1026,-0.2412,0,-0.0673,0.9863,0.1505,0,-0.2533,0.129,-0.9587,0,-0.0285,0.3703,-1.0572,1]},
{"frame":715,"values":[0.9837,0.0662,-0.167,0,-0.0503,0.9939,0.0977,0,-0.1725,0.0877,-0.9811,0,-0.0532,0.441,-1.0841,1]},
{"frame":716,"values":[0.9942,0.0376,-0.1006,0,-0.0321,0.9979,0.0556,0,-0.1025,0.0521,-0.9934,0,-0.0736,0.5032,-1.1064,1]},
{"frame":717,"values":[0.9987,0.017,-0.0476,0,-0.0158,0.9996,0.025,0,-0.048,0.0243,-0.9986,0,-0.0891,0.5529,-1.1233,1]},
{"frame":718,"values":[0.9999,0.0044,-0.0126,0,-0.0043,1,0.0064,0,-0.0126,0.0063,-0.9999,0,-0.0989,0.5858,-1.134,1]},
{"frame":719,"values":[1,0,0,0,0,1,0,0,0,0,-1,0,-0.1023,0.5977,-1.1377,1]},
{"frame":725,"values":[1.0248,0,0,0,0,1.0248,0,0,0,0,-1.0248,0,-0.1023,0.5977,-1.1377,1]},
{"frame":726,"values":[1.0841,0,0,0,0,1.0841,0,0,0,0,-1.0841,0,-0.1023,0.5977,-1.1377,1]},
{"frame":727,"values":[1.1547,0,0,0,0,1.1547,0,0,0,0,-1.1547,0,-0.1023,0.5977,-1.1377,1]},
{"frame":728,"values":[1.214,0,0,0,0,1.214,0,0,0,0,-1.214,0,-0.1023,0.5977,-1.1377,1]},
{"frame":729,"values":[1.2388,0,0,0,0,1.2388,0,0,0,0,-1.2388,0,-0.1023,0.5977,-1.1377,1]},
{"frame":730,"values":[1.214,0,0,0,0,1.214,0,0,0,0,-1.214,0,-0.1023,0.5977,-1.1377,1]},
{"frame":731,"values":[1.1547,0,0,0,0,1.1547,0,0,0,0,-1.1547,0,-0.1023,0.5977,-1.1377,1]},
{"frame":732,"values":[1.0841,0,0,0,0,1.0841,0,0,0,0,-1.0841,0,-0.1023,0.5977,-1.1377,1]},
{"frame":733,"values":[1.0248,0,0,0,0,1.0248,0,0,0,0,-1.0248,0,-0.1023,0.5977,-1.1377,1]},
{"frame":734,"values":[1,0,0,0,0,1,0,0,0,0,-1,0,-0.1023,0.5977,-1.1377,1]},
{"frame":740,"values":[1,0,0,0,0,1,0,0,0,0,-1,0,-0.1023,0.5977,-1.1377,1]}],"loopBehavior":1,"name":"anim","property":"_matrix"}},
{"name":"money out","index":2,"matrix":[0,-1,-0.0097,0,0,0.0097,-1,0,-0.9997,0,0,0,0.4682,-0.568,0.0534,1],"rest":[0,-1,-0.0097,0,0,0.0097,-1,0,-0.9997,0,0,0,0.4682,-0.568,0.0534,1],"parentBoneIndex":-1,"length":0.091
,"animation":{"dataType":3,"framePerSecond":30,"keys":[
{"frame":0,"values":[0,-1,-0.0097,0,0,0.0097,-1,0,-0.9997,0,0,0,0.4682,-0.568,0.0534,1]},
{"frame":50,"values":[0,-1,-0.0097,0,0,0.0097,-1,0,-0.9997,0,0,0,0.4682,-0.568,0.0534,1]},
{"frame":60,"values":[0,-0.75,-0.6615,0,0,0.6615,-0.75,0,-0.9997,0,0,0,0.4682,-0.568,0.0534,1]},
{"frame":77,"values":[0,-0.8181,-0.5751,0,0,0.5751,-0.8181,0,-0.9997,0,0,0,0.4682,-0.568,0.0534,1]},
{"frame":78,"values":[0,-0.9337,-0.3581,0,0,0.3581,-0.9337,0,-0.9997,0,0,0,0.4682,-0.568,0.0534,1]},
{"frame":79,"values":[0,-0.9928,-0.1195,0,0,0.1195,-0.9928,0,-0.9997,0,0,0,0.4682,-0.568,0.0534,1]},
{"frame":80,"values":[0,-1,-0.0097,0,0,0.0097,-1,0,-0.9997,0,0,0,0.4682,-0.568,0.0534,1]},
{"frame":106,"values":[0,-1,-0.0097,0,0,0.0097,-1,0,-0.9997,0,0,0,0.4682,-0.568,0.0534,1]},
{"frame":120,"values":[0,-1,-0.0097,0,0,0.0097,-1,0,-0.9997,0,0,0,0.4682,-0.568,0.0534,1]},
{"frame":164,"values":[0,-1,-0.0097,0,0,0.0097,-1,0,-0.9997,0,0,0,0.4682,-0.568,0.0534,1]},
{"frame":170,"values":[0,-1,-0.0097,0,0,0.0097,-1,0,-0.9997,0,0,0,0.4682,-0.568,0.0534,1]},
{"frame":171,"values":[0,-0.9977,-0.0681,0,0,0.0681,-0.9977,0,-0.9997,0,0,0,0.4682,-0.568,0.0534,1]},
{"frame":172,"values":[0,-0.9919,-0.1268,0,0,0.1268,-0.9919,0,-0.9997,0,0,0,0.4682,-0.568,0.0534,1]},
{"frame":173,"values":[0,-0.9827,-0.1855,0,0,0.1855,-0.9827,0,-0.9997,0,0,0,0.4682,-0.568,0.0534,1]},
{"frame":174,"values":[0,-0.9698,-0.2438,0,0,0.2438,-0.9698,0,-0.9997,0,0,0,0.4682,-0.568,0.0534,1]},
{"frame":175,"values":[0,-0.9535,-0.3014,0,0,0.3014,-0.9535,0,-0.9997,0,0,0,0.4682,-0.568,0.0534,1]},
{"frame":176,"values":[0,-0.9337,-0.3581,0,0,0.3581,-0.9337,0,-0.9997,0,0,0,0.4682,-0.568,0.0534,1]},
{"frame":177,"values":[0,-0.9105,-0.4135,0,0,0.4135,-0.9105,0,-0.9997,0,0,0,0.4682,-0.568,0.0534,1]},
{"frame":178,"values":[0,-0.8841,-0.4673,0,0,0.4673,-0.8841,0,-0.9997,0,0,0,0.4682,-0.568,0.0534,1]},
{"frame":179,"values":[0,-0.8546,-0.5192,0,0,0.5192,-0.8546,0,-0.9997,0,0,0,0.4682,-0.568,0.0534,1]},
{"frame":180,"values":[0,-0.8223,-0.569,0,0,0.569,-0.8223,0,-0.9997,0,0,0,0.4682,-0.568,0.0534,1]},
{"frame":181,"values":[0,-0.7873,-0.6165,0,0,0.6165,-0.7873,0,-0.9997,0,0,0,0.4682,-0.568,0.0534,1]},
{"frame":182,"values":[0,-0.75,-0.6615,0,0,0.6615,-0.75,0,-0.9997,0,0,0,0.4682,-0.568,0.0534,1]},
{"frame":230,"values":[0,-0.75,-0.6615,0,0,0.6615,-0.75,0,-0.9997,0,0,0,0.4682,-0.568,0.0534,1]},
{"frame":240,"values":[0,-1,-0.0097,0,0,0.0097,-1,0,-0.9997,0,0,0,0.4682,-0.568,0.0534,1]},
{"frame":280,"values":[0,-1,-0.0097,0,0,0.0097,-1,0,-0.9997,0,0,0,0.4682,-0.568,0.0534,1]},
{"frame":290,"values":[0,-1,-0.0097,0,0,0.0097,-1,0,-0.9997,0,0,0,0.4682,-0.568,0.0534,1]},
{"frame":429,"values":[0,-1,-0.0097,0,0,0.0097,-1,0,-0.9997,0,0,0,0.4682,-0.568,0.0534,1]},
{"frame":440,"values":[0,-1,-0.0097,0,0,0.0097,-1,0,-0.9997,0,0,0,0.4682,-0.568,0.0534,1]},
{"frame":535,"values":[0,-1,-0.0097,0,0,0.0097,-1,0,-0.9997,0,0,0,0.4682,-0.568,0.0534,1]},
{"frame":541,"values":[0,-1,-0.0097,0,0,0.0097,-1,0,-0.9997,0,0,0,0.4682,-0.568,0.0534,1]},
{"frame":595,"values":[0,-1,-0.0097,0,0,0.0097,-1,0,-0.9997,0,0,0,0.4682,-0.568,0.0534,1]},
{"frame":600,"values":[0,-1,-0.0097,0,0,0.0097,-1,0,-0.9997,0,0,0,0.4682,-0.568,0.0534,1]},
{"frame":740,"values":[0,-1,-0.0097,0,0,0.0097,-1,0,-0.9997,0,0,0,0.4682,-0.568,0.0534,1]}],"loopBehavior":1,"name":"anim","property":"_matrix"}},
{"name":"money in","index":3,"matrix":[0,-1,-0.0097,0,0,0.0097,-1,0,-0.9997,0,0,0,-0.552,-0.568,0.0534,1],"rest":[0,-1,-0.0097,0,0,0.0097,-1,0,-0.9997,0,0,0,-0.552,-0.568,0.0534,1],"parentBoneIndex":-1,"length":0.091
,"animation":{"dataType":3,"framePerSecond":30,"keys":[
{"frame":0,"values":[0,-1,-0.0097,0,0,0.0097,-1,0,-0.9997,0,0,0,-0.552,-0.568,0.0534,1]},
{"frame":50,"values":[0,-1,-0.0097,0,0,0.0097,-1,0,-0.9997,0,0,0,-0.552,-0.568,0.0534,1]},
{"frame":60,"values":[0,-1,-0.0097,0,0,0.0097,-1,0,-0.9997,0,0,0,-0.552,-0.568,0.0534,1]},
{"frame":106,"values":[0,-1,-0.0097,0,0,0.0097,-1,0,-0.9997,0,0,0,-0.552,-0.568,0.0534,1]},
{"frame":120,"values":[0,-1,-0.0097,0,0,0.0097,-1,0,-0.9997,0,0,0,-0.552,-0.568,0.0534,1]},
{"frame":121,"values":[0,-0.9979,-0.0652,0,0,0.0652,-0.9979,0,-0.9997,0,0,0,-0.552,-0.568,0.0534,1]},
{"frame":122,"values":[0,-0.9926,-0.121,0,0,0.121,-0.9926,0,-0.9997,0,0,0,-0.552,-0.568,0.0534,1]},
{"frame":123,"values":[0,-0.9842,-0.177,0,0,0.177,-0.9842,0,-0.9997,0,0,0,-0.552,-0.568,0.0534,1]},
{"frame":124,"values":[0,-0.9725,-0.2328,0,0,0.2328,-0.9725,0,-0.9997,0,0,0,-0.552,-0.568,0.0534,1]},
{"frame":125,"values":[0,-0.9576,-0.2882,0,0,0.2882,-0.9576,0,-0.9997,0,0,0,-0.552,-0.568,0.0534,1]},
{"frame":126,"values":[0,-0.9394,-0.3429,0,0,0.3429,-0.9394,0,-0.9997,0,0,0,-0.552,-0.568,0.0534,1]},
{"frame":127,"values":[0,-0.918,-0.3965,0,0,0.3965,-0.918,0,-0.9997,0,0,0,-0.552,-0.568,0.0534,1]},
{"frame":128,"values":[0,-0.8936,-0.4489,0,0,0.4489,-0.8936,0,-0.9997,0,0,0,-0.552,-0.568,0.0534,1]},
{"frame":129,"values":[0,-0.8662,-0.4997,0,0,0.4997,-0.8662,0,-0.9997,0,0,0,-0.552,-0.568,0.0534,1]},
{"frame":130,"values":[0,-0.836,-0.5488,0,0,0.5488,-0.836,0,-0.9997,0,0,0,-0.552,-0.568,0.0534,1]},
{"frame":131,"values":[0,-0.8031,-0.5958,0,0,0.5958,-0.8031,0,-0.9997,0,0,0,-0.552,-0.568,0.0534,1]},
{"frame":132,"values":[0,-0.7679,-0.6406,0,0,0.6406,-0.7679,0,-0.9997,0,0,0,-0.552,-0.568,0.0534,1]},
{"frame":133,"values":[0,-0.7304,-0.6831,0,0,0.6831,-0.7304,0,-0.9997,0,0,0,-0.552,-0.568,0.0534,1]},
{"frame":134,"values":[0,-0.6909,-0.7229,0,0,0.7229,-0.6909,0,-0.9997,0,0,0,-0.552,-0.568,0.0534,1]},
{"frame":135,"values":[0,-0.6497,-0.7602,0,0,0.7602,-0.6497,0,-0.9997,0,0,0,-0.552,-0.568,0.0534,1]},
{"frame":164,"values":[0,-0.6497,-0.7602,0,0,0.7602,-0.6497,0,-0.9997,0,0,0,-0.552,-0.568,0.0534,1]},
{"frame":170,"values":[0,-1,-0.0097,0,0,0.0097,-1,0,-0.9997,0,0,0,-0.552,-0.568,0.0534,1]},
{"frame":230,"values":[0,-1,-0.0097,0,0,0.0097,-1,0,-0.9997,0,0,0,-0.552,-0.568,0.0534,1]},
{"frame":240,"values":[0,-1,-0.0097,0,0,0.0097,-1,0,-0.9997,0,0,0,-0.552,-0.568,0.0534,1]},
{"frame":241,"values":[0,-0.9995,-0.0328,0,0,0.0328,-0.9995,0,-0.9997,0,0,0,-0.552,-0.568,0.0534,1]},
{"frame":242,"values":[0,-0.9954,-0.096,0,0,0.096,-0.9954,0,-0.9997,0,0,0,-0.552,-0.568,0.0534,1]},
{"frame":243,"values":[0,-0.9819,-0.1895,0,0,0.1895,-0.9819,0,-0.9997,0,0,0,-0.552,-0.568,0.0534,1]},
{"frame":244,"values":[0,-0.9533,-0.3022,0,0,0.3022,-0.9533,0,-0.9997,0,0,0,-0.552,-0.568,0.0534,1]},
{"frame":245,"values":[0,-0.9071,-0.4209,0,0,0.4209,-0.9071,0,-0.9997,0,0,0,-0.552,-0.568,0.0534,1]},
{"frame":246,"values":[0,-0.8462,-0.5328,0,0,0.5328,-0.8462,0,-0.9997,0,0,0,-0.552,-0.568,0.0534,1]},
{"frame":247,"values":[0,-0.7787,-0.6273,0,0,0.6273,-0.7787,0,-0.9997,0,0,0,-0.552,-0.568,0.0534,1]},
{"frame":248,"values":[0,-0.716,-0.6981,0,0,0.6981,-0.716,0,-0.9997,0,0,0,-0.552,-0.568,0.0534,1]},
{"frame":249,"values":[0,-0.6704,-0.742,0,0,0.742,-0.6704,0,-0.9997,0,0,0,-0.552,-0.568,0.0534,1]},
{"frame":250,"values":[0,-0.6531,-0.7573,0,0,0.7573,-0.6531,0,-0.9997,0,0,0,-0.552,-0.568,0.0534,1]},
{"frame":280,"values":[0,-0.6531,-0.7573,0,0,0.7573,-0.6531,0,-0.9997,0,0,0,-0.552,-0.568,0.0534,1]},
{"frame":290,"values":[0,-1,-0.0097,0,0,0.0097,-1,0,-0.9997,0,0,0,-0.552,-0.568,0.0534,1]},
{"frame":429,"values":[0,-1,-0.0097,0,0,0.0097,-1,0,-0.9997,0,0,0,-0.552,-0.568,0.0534,1]},
{"frame":440,"values":[0,-0.6497,-0.7602,0,0,0.7602,-0.6497,0,-0.9997,0,0,0,-0.552,-0.568,0.0534,1]},
{"frame":519,"values":[0,-0.6643,-0.7475,0,0,0.7475,-0.6643,0,-0.9997,0,0,0,-0.552,-0.568,0.0534,1]},
{"frame":520,"values":[0,-0.7032,-0.711,0,0,0.711,-0.7032,0,-0.9997,0,0,0,-0.552,-0.568,0.0534,1]},
{"frame":521,"values":[0,-0.7583,-0.652,0,0,0.652,-0.7583,0,-0.9997,0,0,0,-0.552,-0.568,0.0534,1]},
{"frame":522,"values":[0,-0.8201,-0.5722,0,0,0.5722,-0.8201,0,-0.9997,0,0,0,-0.552,-0.568,0.0534,1]},
{"frame":523,"values":[0,-0.8797,-0.4755,0,0,0.4755,-0.8797,0,-0.9997,0,0,0,-0.552,-0.568,0.0534,1]},
{"frame":524,"values":[0,-0.9295,-0.3688,0,0,0.3688,-0.9295,0,-0.9997,0,0,0,-0.552,-0.568,0.0534,1]},
{"frame":525,"values":[0,-0.9653,-0.261,0,0,0.261,-0.9653,0,-0.9997,0,0,0,-0.552,-0.568,0.0534,1]},
{"frame":526,"values":[0,-0.9867,-0.1624,0,0,0.1624,-0.9867,0,-0.9997,0,0,0,-0.552,-0.568,0.0534,1]},
{"frame":527,"values":[0,-0.9966,-0.0823,0,0,0.0823,-0.9966,0,-0.9997,0,0,0,-0.552,-0.568,0.0534,1]},
{"frame":528,"values":[0,-0.9996,-0.029,0,0,0.029,-0.9996,0,-0.9997,0,0,0,-0.552,-0.568,0.0534,1]},
{"frame":529,"values":[0,-1,-0.0097,0,0,0.0097,-1,0,-0.9997,0,0,0,-0.552,-0.568,0.0534,1]},
{"frame":535,"values":[0,-1,-0.0097,0,0,0.0097,-1,0,-0.9997,0,0,0,-0.552,-0.568,0.0534,1]},
{"frame":541,"values":[0,-0.6531,-0.7573,0,0,0.7573,-0.6531,0,-0.9997,0,0,0,-0.552,-0.568,0.0534,1]},
{"frame":551,"values":[0,-0.6675,-0.7446,0,0,0.7446,-0.6675,0,-0.9997,0,0,0,-0.552,-0.568,0.0534,1]},
{"frame":552,"values":[0,-0.7061,-0.7081,0,0,0.7081,-0.7061,0,-0.9997,0,0,0,-0.552,-0.568,0.0534,1]},
{"frame":553,"values":[0,-0.7606,-0.6492,0,0,0.6492,-0.7606,0,-0.9997,0,0,0,-0.552,-0.568,0.0534,1]},
{"frame":554,"values":[0,-0.8219,-0.5696,0,0,0.5696,-0.8219,0,-0.9997,0,0,0,-0.552,-0.568,0.0534,1]},
{"frame":555,"values":[0,-0.8809,-0.4733,0,0,0.4733,-0.8809,0,-0.9997,0,0,0,-0.552,-0.568,0.0534,1]},
{"frame":556,"values":[0,-0.9302,-0.367,0,0,0.367,-0.9302,0,-0.9997,0,0,0,-0.552,-0.568,0.0534,1]},
{"frame":557,"values":[0,-0.9657,-0.2598,0,0,0.2598,-0.9657,0,-0.9997,0,0,0,-0.552,-0.568,0.0534,1]},
{"frame":558,"values":[0,-0.9869,-0.1616,0,0,0.1616,-0.9869,0,-0.9997,0,0,0,-0.552,-0.568,0.0534,1]},
{"frame":559,"values":[0,-0.9966,-0.082,0,0,0.082,-0.9966,0,-0.9997,0,0,0,-0.552,-0.568,0.0534,1]},
{"frame":560,"values":[0,-0.9996,-0.0289,0,0,0.0289,-0.9996,0,-0.9997,0,0,0,-0.552,-0.568,0.0534,1]},
{"frame":561,"values":[0,-1,-0.0097,0,0,0.0097,-1,0,-0.9997,0,0,0,-0.552,-0.568,0.0534,1]},
{"frame":595,"values":[0,-1,-0.0097,0,0,0.0097,-1,0,-0.9997,0,0,0,-0.552,-0.568,0.0534,1]},
{"frame":600,"values":[0,-1,-0.0097,0,0,0.0097,-1,0,-0.9997,0,0,0,-0.552,-0.568,0.0534,1]},
{"frame":740,"values":[0,-1,-0.0097,0,0,0.0097,-1,0,-0.9997,0,0,0,-0.552,-0.568,0.0534,1]}],"loopBehavior":1,"name":"anim","property":"_matrix"}},
{"name":"receipt","index":4,"matrix":[0,-0.6917,-0.7222,0,0,0.7222,-0.6917,0,-1,0,0,0,0.4682,0.3048,0.1891,1],"rest":[0,-0.6917,-0.7222,0,0,0.7222,-0.6917,0,-1,0,0,0,0.4682,0.3048,0.1891,1],"parentBoneIndex":-1,"length":0.1316
,"animation":{"dataType":3,"framePerSecond":30,"keys":[
{"frame":0,"values":[0,-0.6917,0.7222,0,0,0.7222,0.6917,0,1,0,0,0,0.7375,0.2942,0.5561,1]},
{"frame":50,"values":[0,-0.6917,0.7222,0,0,0.7222,0.6917,0,1,0,0,0,0.7375,0.2942,0.5561,1]},
{"frame":60,"values":[0,-0.1134,0.9936,0,0,0.9936,0.1134,0,1,0,0,0,0.7375,0.2942,0.0405,1]},
{"frame":61,"values":[0,-0.0988,1.0036,0,0,1.0036,0.0988,0,1.0085,0,0,0,0.7375,0.2942,0.0405,1]},
{"frame":62,"values":[0,-0.0628,1.0267,0,0,1.0267,0.0628,0,1.0287,0,0,0,0.7375,0.2942,0.0405,1]},
{"frame":63,"values":[0,-0.0178,1.0526,0,0,1.0526,0.0178,0,1.0528,0,0,0,0.7375,0.2942,0.0405,1]},
{"frame":64,"values":[0,0.0215,1.0728,0,0,1.0728,-0.0215,0,1.073,0,0,0,0.7375,0.2942,0.0405,1]},
{"frame":65,"values":[0,0.0385,1.0808,0,0,1.0808,-0.0385,0,1.0814,0,0,0,0.7375,0.2942,0.0405,1]},
{"frame":66,"values":[0,0.0146,1.0729,0,0,1.0729,-0.0146,0,1.073,0,0,0,0.7375,0.2942,0.0405,1]},
