{"producer":{"name":"Blender","version":"2.83.5","exporter_version":"6.4.6","file":"atm.babylon"},
"autoClear":true,"clearColor":[0.0509,0.0509,0.0509],"gravity":[0,-9.81,0],
"materials":[{"name":"TouchButtons","id":"TouchButtons","customType":"BABYLON.PBRMaterial","backFaceCulling":true,"checkReadyOnlyOnce":false,"maxSimultaneousLights":4,"environmentIntensity":1,"albedo":[0.8,0.8,0.8],"reflectivity":[0.5,0.5,0.5],"roughness":0.5,"alpha":1,"transparencyMode":0,"alphaCutOff":0.4,"metallic":0},
{"name":"AtmTextured","id":"AtmTextured","customType":"BABYLON.PBRMaterial","backFaceCulling":true,"checkReadyOnlyOnce":false,"maxSimultaneousLights":4,"environmentIntensity":1,"reflectivity":[0.5,0.5,0.5],"roughness":0.5,"alpha":1,"transparencyMode":0,"alphaCutOff":0.4,"metallic":0, 
"albedoTexture":{"name":"atm.png","level":1,"hasAlpha":true,"coordinatesMode":0,"uOffset":0,"vOffset":0,"uScale":1,"vScale":1,"uAng":0,"vAng":0,"wAng":0,"wrapU":1,"wrapV":1,"coordinatesIndex":0},"useAlphaFromAlbedoTexture":true},
{"name":"button","id":"button","customType":"BABYLON.PBRMaterial","backFaceCulling":true,"checkReadyOnlyOnce":false,"maxSimultaneousLights":4,"environmentIntensity":1,"albedo":[0.8,0.8,0.8],"reflectivity":[0.5,0.5,0.5],"roughness":0.5,"alpha":1,"transparencyMode":0,"alphaCutOff":0.4,"metallic":0},
{"name":"Screen","id":"Screen","customType":"BABYLON.PBRMaterial","backFaceCulling":true,"checkReadyOnlyOnce":false,"maxSimultaneousLights":4,"environmentIntensity":1,"reflectivity":[0.5,0.5,0.5],"roughness":0.5,"alpha":1,"transparencyMode":0,"alphaCutOff":0.4,"metallic":0, 
"albedoTexture":{"name":"4.png","level":1,"hasAlpha":true,"coordinatesMode":0,"uOffset":0,"vOffset":0,"uScale":1,"vScale":1,"uAng":0,"vAng":0,"wAng":0,"wrapU":1,"wrapV":1,"coordinatesIndex":0},"useAlphaFromAlbedoTexture":true}],
"multiMaterials":[],
"skeletons":[{"name":"Armature","id":0,"dimensionsAtRest":[0.1023,1,1.1377],"bones":[
{"name":"Bone","index":0,"matrix":[1,0,0,0,0,1,0,0,0,0,-1,0,0,0,0,1],"rest":[1,0,0,0,0,1,0,0,0,0,-1,0,0,0,0,1],"parentBoneIndex":-1,"length":1
,"animation":{"dataType":3,"framePerSecond":30,"keys":[
{"frame":2,"values":[1,0,0,0,0,1,0,0,0,0,-1,0,0,0,0,1]},
{"frame":139,"values":[1,0,0,0,0,1,0,0,0,0,-1,0,0,0,0,1]},
{"frame":151,"values":[1,0,0,0,0,1,0,0,0,0,-1,0,0,0,0,1]},
{"frame":270,"values":[1,0,0,0,0,1,0,0,0,0,-1,0,0,0,0,1]},
{"frame":281,"values":[1,0,0,0,0,1,0,0,0,0,-1,0,0,0,0,1]},
{"frame":340,"values":[1,0,0,0,0,1,0,0,0,0,-1,0,0,0,0,1]}],"loopBehavior":1,"name":"anim","property":"_matrix"}},
{"name":"Bone.001","index":1,"matrix":[1,0,0,0,0,1,0,0,0,0,-1,0,-0.1023,0.5977,-1.1377,1],"rest":[1,0,0,0,0,1,0,0,0,0,-1,0,-0.1023,0.5977,-1.1377,1],"parentBoneIndex":-1,"length":0.2112
,"animation":{"dataType":3,"framePerSecond":30,"keys":[
{"frame":2,"values":[1,0,0,0,0,1,0,0,0,0,-1,0,-0.1023,0.5977,-1.1377,1]},
{"frame":7,"values":[1.0248,0,0,0,0,1.0248,0,0,0,0,-1.0248,0,-0.1023,0.5977,-1.1377,1]},
{"frame":8,"values":[1.0841,0,0,0,0,1.0841,0,0,0,0,-1.0841,0,-0.1023,0.5977,-1.1377,1]},
{"frame":9,"values":[1.1547,0,0,0,0,1.1547,0,0,0,0,-1.1547,0,-0.1023,0.5977,-1.1377,1]},
{"frame":10,"values":[1.214,0,0,0,0,1.214,0,0,0,0,-1.214,0,-0.1023,0.5977,-1.1377,1]},
{"frame":11,"values":[1.2388,0,0,0,0,1.2388,0,0,0,0,-1.2388,0,-0.1023,0.5977,-1.1377,1]},
{"frame":12,"values":[1.214,0,0,0,0,1.214,0,0,0,0,-1.214,0,-0.1023,0.5977,-1.1377,1]},
{"frame":13,"values":[1.1547,0,0,0,0,1.1547,0,0,0,0,-1.1547,0,-0.1023,0.5977,-1.1377,1]},
{"frame":14,"values":[1.0841,0,0,0,0,1.0841,0,0,0,0,-1.0841,0,-0.1023,0.5977,-1.1377,1]},
{"frame":15,"values":[1.0248,0,0,0,0,1.0248,0,0,0,0,-1.0248,0,-0.1023,0.5977,-1.1377,1]},
{"frame":16,"values":[1,0,0,0,0,1,0,0,0,0,-1,0,-0.1023,0.5977,-1.1377,1]},
{"frame":22,"values":[0.9999,0.0044,-0.0126,0,-0.0043,1,0.0064,0,-0.0126,0.0063,-0.9999,0,-0.0989,0.5858,-1.134,1]},
{"frame":23,"values":[0.9987,0.017,-0.0476,0,-0.0158,0.9996,0.025,0,-0.048,0.0243,-0.9986,0,-0.0891,0.5529,-1.1233,1]},
{"frame":24,"values":[0.9942,0.0376,-0.1006,0,-0.0321,0.9979,0.0556,0,-0.1025,0.0521,-0.9934,0,-0.0736,0.5032,-1.1064,1]},
{"frame":25,"values":[0.9837,0.0662,-0.167,0,-0.0503,0.9939,0.0977,0,-0.1725,0.0877,-0.9811,0,-0.0532,0.441,-1.0841,1]},
{"frame":26,"values":[0.965,0.1026,-0.2412,0,-0.0673,0.9863,0.1505,0,-0.2533,0.129,-0.9587,0,-0.0285,0.3703,-1.0572,1]},
{"frame":27,"values":[0.9371,0.1459,-0.3172,0,-0.0798,0.9739,0.2123,0,-0.3399,0.1736,-0.9243,0,-0.0003,0.2955,-1.0263,1]},
{"frame":28,"values":[0.9005,0.1946,-0.3888,0,-0.0854,0.956,0.2805,0,-0.4263,0.2194,-0.8776,0,0.0309,0.2206,-0.9923,1]},
{"frame":29,"values":[0.8582,0.2462,-0.4505,0,-0.0826,0.9323,0.3521,0,-0.5066,0.265,-0.8204,0,0.0642,0.1499,-0.9559,1]},
{"frame":30,"values":[0.8145,0.2977,-0.4979,0,-0.0711,0.903,0.4237,0,-0.5758,0.3097,-0.7567,0,0.099,0.0877,-0.9179,1]},
{"frame":31,"values":[0.7751,0.346,-0.5287,0,-0.0519,0.8688,0.4924,0,-0.6297,0.3542,-0.6914,0,0.1345,0.038,-0.8791,1]},
{"frame":32,"values":[0.7459,0.3874,-0.5418,0,-0.0273,0.8305,0.5563,0,-0.6655,0.4002,-0.6301,0,0.1701,0.0051,-0.8401,1]},
{"frame":33,"values":[0.7326,0.4182,-0.537,0,0,0.7889,0.6145,0,-0.6806,0.4502,-0.578,0,0.2052,-0.0068,-0.8019,1]},
{"frame":34,"values":[0.742,0.4293,-0.5149,0,0.0306,0.7455,0.6658,0,-0.6697,0.5098,-0.5401,0,0.239,-0.006,-0.765,1]},
{"frame":35,"values":[0.7742,0.4143,-0.4785,0,0.0648,0.7001,0.7111,0,-0.6296,0.5816,-0.5152,0,0.2715,-0.0039,-0.7295,1]},
{"frame":36,"values":[0.8222,0.3725,-0.4304,0,0.0989,0.6512,0.7524,0,-0.5605,0.6612,-0.4986,0,0.3027,-0.0006,-0.6954,1]},
{"frame":37,"values":[0.8769,0.3035,-0.3728,0,0.1294,0.5978,0.7911,0,-0.463,0.742,-0.4849,0,0.3326,0.0038,-0.6627,1]},
{"frame":38,"values":[0.928,0.2094,-0.3082,0,0.153,0.54,0.8276,0,-0.3397,0.8152,-0.4691,0,0.3612,0.0091,-0.6314,1]},
{"frame":39,"values":[0.9659,0.0956,-0.2406,0,0.1671,0.4793,0.8616,0,-0.1977,0.8724,-0.447,0,0.3886,0.0152,-0.6015,1]},
{"frame":40,"values":[0.9842,-0.0288,-0.1747,0,0.1706,0.4182,0.8922,0,-0.0474,0.9079,-0.4165,0,0.4147,0.022,-0.573,1]},
{"frame":41,"values":[0.9815,-0.1525,-0.1155,0,0.164,0.3595,0.9186,0,0.0986,0.9206,-0.3779,0,0.4395,0.0292,-0.5459,1]},
{"frame":42,"values":[0.962,-0.2648,-0.067,0,0.1496,0.3056,0.9403,0,0.2285,0.9146,-0.3336,0,0.4632,0.0369,-0.52,1]},
{"frame":43,"values":[0.9334,-0.3574,-0.0313,0,0.1307,0.2575,0.9574,0,0.3341,0.8977,-0.2871,0,0.4856,0.0447,-0.4956,1]},
{"frame":44,"values":[0.905,-0.4252,-0.009,0,0.1107,0.215,0.9703,0,0.4107,0.8792,-0.2417,0,0.5067,0.0527,-0.4724,1]},
{"frame":45,"values":[0.8852,-0.4653,0.0003,0,0.0928,0.177,0.9798,0,0.4559,0.8673,-0.1999,0,0.5267,0.0605,-0.4506,1]},
{"frame":46,"values":[0.88,-0.475,-0.0027,0,0.0797,0.142,0.9867,0,0.4683,0.8684,-0.1628,0,0.5455,0.0682,-0.4301,1]},
{"frame":47,"values":[0.8953,-0.4454,-0.0107,0,0.0667,0.1103,0.9917,0,0.4405,0.8885,-0.1285,0,0.563,0.0755,-0.411,1]},
{"frame":48,"values":[0.9256,-0.3782,-0.0155,0,0.0503,0.0822,0.9953,0,0.3752,0.9221,-0.0951,0,0.579,0.0823,-0.3936,1]},
{"frame":49,"values":[0.9579,-0.2867,-0.0161,0,0.0338,0.0569,0.9978,0,0.2851,0.9563,-0.0642,0,0.5929,0.0882,-0.3783,1]},
{"frame":50,"values":[0.9825,-0.186,-0.0128,0,0.0196,0.0346,0.9992,0,0.1854,0.9819,-0.0376,0,0.6044,0.0932,-0.3657,1]},
{"frame":51,"values":[0.9956,-0.0934,-0.0074,0,0.0089,0.0165,0.9998,0,0.0932,0.9955,-0.0173,0,0.6132,0.0971,-0.3562,1]},
{"frame":52,"values":[0.9997,-0.026,-0.0022,0,0.0023,0.0044,1,0,0.026,0.9997,-0.0045,0,0.6187,0.0995,-0.3501,1]},
{"frame":53,"values":[1,0,0,0,0,0,1,0,0,1,0,0,0.6207,0.1004,-0.348,1]},
{"frame":64,"values":[1,0,0,0,0,0,1,0,0,1,0,0,0.6207,0.1004,-0.3386,1]},
{"frame":65,"values":[1,0,0,0,0,0,1,0,0,1,0,0,0.6207,0.1004,-0.3164,1]},
{"frame":66,"values":[1,0,0,0,0,0,1,0,0,1,0,0,0.6207,0.1004,-0.2898,1]},
{"frame":67,"values":[1,0,0,0,0,0,1,0,0,1,0,0,0.6207,0.1004,-0.2675,1]},
{"frame":68,"values":[1,0,0,0,0,0,1,0,0,1,0,0,0.6207,0.1004,-0.2582,1]},
{"frame":75,"values":[1,0,0,0,0,0,1,0,0,1,0,0,0.6207,0.1004,-0.258,1]},
{"frame":76,"values":[1,0,0,0,0,0,1,0,0,1,0,0,0.6207,0.1004,-0.2573,1]},
{"frame":77,"values":[1,0,0,0,0,0,1,0,0,1,0,0,0.6207,0.1004,-0.2562,1]},
{"frame":78,"values":[1,0,0,0,0,0,1,0,0,1,0,0,0.6207,0.1004,-0.2548,1]},
{"frame":79,"values":[1,0,0,0,0,0,1,0,0,1,0,0,0.6207,0.1004,-0.2529,1]},
{"frame":80,"values":[1,0,0,0,0,0,1,0,0,1,0,0,0.6207,0.1004,-0.2507,1]},
{"frame":81,"values":[1,0,0,0,0,0,1,0,0,1,0,0,0.6207,0.1004,-0.2481,1]},
{"frame":82,"values":[1,0,0,0,0,0,1,0,0,1,0,0,0.6207,0.1004,-0.2452,1]},
{"frame":83,"values":[1,0,0,0,0,0,1,0,0,1,0,0,0.6207,0.1004,-0.242,1]},
{"frame":84,"values":[1,0,0,0,0,0,1,0,0,1,0,0,0.6207,0.1004,-0.2384,1]},
{"frame":85,"values":[1,0,0,0,0,0,1,0,0,1,0,0,0.6207,0.1004,-0.2346,1]},
{"frame":86,"values":[1,0,0,0,0,0,1,0,0,1,0,0,0.6207,0.1004,-0.2305,1]},
{"frame":87,"values":[1,0,0,0,0,0,1,0,0,1,0,0,0.6207,0.1004,-0.2262,1]},
{"frame":88,"values":[1,0,0,0,0,0,1,0,0,1,0,0,0.6207,0.1004,-0.2216,1]},
{"frame":89,"values":[1,0,0,0,0,0,1,0,0,1,0,0,0.6207,0.1004,-0.2167,1]},
{"frame":90,"values":[1,0,0,0,0,0,1,0,0,1,0,0,0.6207,0.1004,-0.2117,1]},
{"frame":91,"values":[1,0,0,0,0,0,1,0,0,1,0,0,0.6207,0.1004,-0.2065,1]},
{"frame":92,"values":[1,0,0,0,0,0,1,0,0,1,0,0,0.6207,0.1004,-0.2011,1]},
{"frame":93,"values":[1,0,0,0,0,0,1,0,0,1,0,0,0.6207,0.1004,-0.1955,1]},
{"frame":94,"values":[1,0,0,0,0,0,1,0,0,1,0,0,0.6207,0.1004,-0.1898,1]},
{"frame":95,"values":[1,0,0,0,0,0,1,0,0,1,0,0,0.6207,0.1004,-0.184,1]},
{"frame":96,"values":[1,0,0,0,0,0,1,0,0,1,0,0,0.6207,0.1004,-0.1781,1]},
{"frame":97,"values":[1,0,0,0,0,0,1,0,0,1,0,0,0.6207,0.1004,-0.172,1]},
{"frame":98,"values":[1,0,0,0,0,0,1,0,0,1,0,0,0.6207,0.1004,-0.1659,1]},
{"frame":99,"values":[1,0,0,0,0,0,1,0,0,1,0,0,0.6207,0.1004,-0.1597,1]},
{"frame":100,"values":[1,0,0,0,0,0,1,0,0,1,0,0,0.6207,0.1004,-0.1535,1]},
{"frame":101,"values":[1,0,0,0,0,0,1,0,0,1,0,0,0.6207,0.1004,-0.1473,1]},
{"frame":102,"values":[1,0,0,0,0,0,1,0,0,1,0,0,0.6207,0.1004,-0.141,1]},
{"frame":103,"values":[1,0,0,0,0,0,1,0,0,1,0,0,0.6207,0.1004,-0.1347,1]},
{"frame":104,"values":[1,0,0,0,0,0,1,0,0,1,0,0,0.6207,0.1004,-0.1284,1]},
{"frame":105,"values":[1,0,0,0,0,0,1,0,0,1,0,0,0.6207,0.1004,-0.1222,1]},
{"frame":106,"values":[1,0,0,0,0,0,1,0,0,1,0,0,0.6207,0.1004,-0.116,1]},
{"frame":107,"values":[1,0,0,0,0,0,1,0,0,1,0,0,0.6207,0.1004,-0.1099,1]},
{"frame":108,"values":[1,0,0,0,0,0,1,0,0,1,0,0,0.6207,0.1004,-0.1039,1]},
{"frame":109,"values":[1,0,0,0,0,0,1,0,0,1,0,0,0.6207,0.1004,-0.098,1]},
{"frame":110,"values":[1,0,0,0,0,0,1,0,0,1,0,0,0.6207,0.1004,-0.0921,1]},
{"frame":111,"values":[1,0,0,0,0,0,1,0,0,1,0,0,0.6207,0.1004,-0.0864,1]},
{"frame":112,"values":[1,0,0,0,0,0,1,0,0,1,0,0,0.6207,0.1004,-0.0809,1]},
{"frame":113,"values":[1,0,0,0,0,0,1,0,0,1,0,0,0.6207,0.1004,-0.0755,1]},
{"frame":114,"values":[1,0,0,0,0,0,1,0,0,1,0,0,0.6207,0.1004,-0.0703,1]},
{"frame":115,"values":[1,0,0,0,0,0,1,0,0,1,0,0,0.6207,0.1004,-0.0652,1]},
{"frame":116,"values":[1,0,0,0,0,0,1,0,0,1,0,0,0.6207,0.1004,-0.0604,1]},
{"frame":117,"values":[1,0,0,0,0,0,1,0,0,1,0,0,0.6207,0.1004,-0.0558,1]},
{"frame":118,"values":[1,0,0,0,0,0,1,0,0,1,0,0,0.6207,0.1004,-0.0515,1]},
{"frame":119,"values":[1,0,0,0,0,0,1,0,0,1,0,0,0.6207,0.1004,-0.0474,1]},
{"frame":120,"values":[1,0,0,0,0,0,1,0,0,1,0,0,0.6207,0.1004,-0.0435,1]},
{"frame":121,"values":[1,0,0,0,0,0,1,0,0,1,0,0,0.6207,0.1004,-0.04,1]},
{"frame":122,"values":[1,0,0,0,0,0,1,0,0,1,0,0,0.6207,0.1004,-0.0368,1]},
{"frame":123,"values":[1,0,0,0,0,0,1,0,0,1,0,0,0.6207,0.1004,-0.0339,1]},
{"frame":124,"values":[1,0,0,0,0,0,1,0,0,1,0,0,0.6207,0.1004,-0.0313,1]},
{"frame":125,"values":[1,0,0,0,0,0,1,0,0,1,0,0,0.6207,0.1004,-0.0291,1]},
{"frame":126,"values":[1,0,0,0,0,0,1,0,0,1,0,0,0.6207,0.1004,-0.0272,1]},
{"frame":127,"values":[1,0,0,0,0,0,1,0,0,1,0,0,0.6207,0.1004,-0.0257,1]},
{"frame":128,"values":[1,0,0,0,0,0,1,0,0,1,0,0,0.6207,0.1004,-0.0247,1]},
{"frame":129,"values":[1,0,0,0,0,0,1,0,0,1,0,0,0.6207,0.1004,-0.024,1]},
{"frame":130,"values":[1,0,0,0,0,0,1,0,0,1,0,0,0.6207,0.1004,-0.0238,1]},
{"frame":139,"values":[1,0,0,0,0,0,1,0,0,1,0,0,0.6207,0.1004,-0.0238,1]},
{"frame":151,"values":[1,0,0,0,0,0,1,0,0,1,0,0,0.6207,0.1004,-0.0238,1]},
{"frame":161,"values":[1,0,0,0,0,0,1,0,0,1,0,0,0.6207,0.1004,-0.024,1]},
{"frame":162,"values":[1,0,0,0,0,0,1,0,0,1,0,0,0.6207,0.1004,-0.0247,1]},
{"frame":163,"values":[1,0,0,0,0,0,1,0,0,1,0,0,0.6207,0.1004,-0.0257,1]},
{"frame":164,"values":[1,0,0,0,0,0,1,0,0,1,0,0,0.6207,0.1004,-0.0272,1]},
{"frame":165,"values":[1,0,0,0,0,0,1,0,0,1,0,0,0.6207,0.1004,-0.0291,1]},
{"frame":166,"values":[1,0,0,0,0,0,1,0,0,1,0,0,0.6207,0.1004,-0.0313,1]},
{"frame":167,"values":[1,0,0,0,0,0,1,0,0,1,0,0,0.6207,0.1004,-0.0339,1]},
{"frame":168,"values":[1,0,0,0,0,0,1,0,0,1,0,0,0.6207,0.1004,-0.0368,1]},
{"frame":169,"values":[1,0,0,0,0,0,1,0,0,1,0,0,0.6207,0.1004,-0.04,1]},
{"frame":170,"values":[1,0,0,0,0,0,1,0,0,1,0,0,0.6207,0.1004,-0.0435,1]},
{"frame":171,"values":[1,0,0,0,0,0,1,0,0,1,0,0,0.6207,0.1004,-0.0474,1]},
{"frame":172,"values":[1,0,0,0,0,0,1,0,0,1,0,0,0.6207,0.1004,-0.0515,1]},
{"frame":173,"values":[1,0,0,0,0,0,1,0,0,1,0,0,0.6207,0.1004,-0.0558,1]},
{"frame":174,"values":[1,0,0,0,0,0,1,0,0,1,0,0,0.6207,0.1004,-0.0604,1]},
{"frame":175,"values":[1,0,0,0,0,0,1,0,0,1,0,0,0.6207,0.1004,-0.0652,1]},
{"frame":176,"values":[1,0,0,0,0,0,1,0,0,1,0,0,0.6207,0.1004,-0.0703,1]},
{"frame":177,"values":[1,0,0,0,0,0,1,0,0,1,0,0,0.6207,0.1004,-0.0755,1]},
{"frame":178,"values":[1,0,0,0,0,0,1,0,0,1,0,0,0.6207,0.1004,-0.0809,1]},
{"frame":179,"values":[1,0,0,0,0,0,1,0,0,1,0,0,0.6207,0.1004,-0.0864,1]},
{"frame":180,"values":[1,0,0,0,0,0,1,0,0,1,0,0,0.6207,0.1004,-0.0921,1]},
{"frame":181,"values":[1,0,0,0,0,0,1,0,0,1,0,0,0.6207,0.1004,-0.098,1]},
{"frame":182,"values":[1,0,0,0,0,0,1,0,0,1,0,0,0.6207,0.1004,-0.1039,1]},
{"frame":183,"values":[1,0,0,0,0,0,1,0,0,1,0,0,0.6207,0.1004,-0.1099,1]},
{"frame":184,"values":[1,0,0,0,0,0,1,0,0,1,0,0,0.6207,0.1004,-0.116,1]},
{"frame":185,"values":[1,0,0,0,0,0,1,0,0,1,0,0,0.6207,0.1004,-0.1222,1]},
{"frame":186,"values":[1,0,0,0,0,0,1,0,0,1,0,0,0.6207,0.1004,-0.1284,1]},
{"frame":187,"values":[1,0,0,0,0,0,1,0,0,1,0,0,0.6207,0.1004,-0.1347,1]},
{"frame":188,"values":[1,0,0,0,0,0,1,0,0,1,0,0,0.6207,0.1004,-0.141,1]},
{"frame":189,"values":[1,0,0,0,0,0,1,0,0,1,0,0,0.6207,0.1004,-0.1473,1]},
{"frame":190,"values":[1,0,0,0,0,0,1,0,0,1,0,0,0.6207,0.1004,-0.1535,1]},
{"frame":191,"values":[1,0,0,0,0,0,1,0,0,1,0,0,0.6207,0.1004,-0.1597,1]},
{"frame":192,"values":[1,0,0,0,0,0,1,0,0,1,0,0,0.6207,0.1004,-0.1659,1]},
{"frame":193,"values":[1,0,0,0,0,0,1,0,0,1,0,0,0.6207,0.1004,-0.172,1]},
{"frame":194,"values":[1,0,0,0,0,0,1,0,0,1,0,0,0.6207,0.1004,-0.1781,1]},
{"frame":195,"values":[1,0,0,0,0,0,1,0,0,1,0,0,0.6207,0.1004,-0.184,1]},
{"frame":196,"values":[1,0,0,0,0,0,1,0,0,1,0,0,0.6207,0.1004,-0.1898,1]},
{"frame":197,"values":[1,0,0,0,0,0,1,0,0,1,0,0,0.6207,0.1004,-0.1955,1]},
{"frame":198,"values":[1,0,0,0,0,0,1,0,0,1,0,0,0.6207,0.1004,-0.2011,1]},
{"frame":199,"values":[1,0,0,0,0,0,1,0,0,1,0,0,0.6207,0.1004,-0.2065,1]},
{"frame":200,"values":[1,0,0,0,0,0,1,0,0,1,0,0,0.6207,0.1004,-0.2117,1]},
{"frame":201,"values":[1,0,0,0,0,0,1,0,0,1,0,0,0.6207,0.1004,-0.2167,1]},
{"frame":202,"values":[1,0,0,0,0,0,1,0,0,1,0,0,0.6207,0.1004,-0.2216,1]},
{"frame":203,"values":[1,0,0,0,0,0,1,0,0,1,0,0,0.6207,0.1004,-0.2262,1]},
{"frame":204,"values":[1,0,0,0,0,0,1,0,0,1,0,0,0.6207,0.1004,-0.2305,1]},
{"frame":205,"values":[1,0,0,0,0,0,1,0,0,1,0,0,0.6207,0.1004,-0.2346,1]},
{"frame":206,"values":[1,0,0,0,0,0,1,0,0,1,0,0,0.6207,0.1004,-0.2384,1]},
{"frame":207,"values":[1,0,0,0,0,0,1,0,0,1,0,0,0.6207,0.1004,-0.242,1]},
{"frame":208,"values":[1,0,0,0,0,0,1,0,0,1,0,0,0.6207,0.1004,-0.2452,1]},
{"frame":209,"values":[1,0,0,0,0,0,1,0,0,1,0,0,0.6207,0.1004,-0.2481,1]},
{"frame":210,"values":[1,0,0,0,0,0,1,0,0,1,0,0,0.6207,0.1004,-0.2507,1]},
{"frame":211,"values":[1,0,0,0,0,0,1,0,0,1,0,0,0.6207,0.1004,-0.2529,1]},
{"frame":212,"values":[1,0,0,0,0,0,1,0,0,1,0,0,0.6207,0.1004,-0.2548,1]},
{"frame":213,"values":[1,0,0,0,0,0,1,0,0,1,0,0,0.6207,0.1004,-0.2562,1]},
{"frame":214,"values":[1,0,0,0,0,0,1,0,0,1,0,0,0.6207,0.1004,-0.2573,1]},
{"frame":215,"values":[1,0,0,0,0,0,1,0,0,1,0,0,0.6207,0.1004,-0.258,1]},
{"frame":216,"values":[1,0,0,0,0,0,1,0,0,1,0,0,0.6207,0.1004,-0.2582,1]},
{"frame":223,"values":[1,0,0,0,0,0.0072,1,0,0,1,-0.0072,0,0.6207,0.0989,-0.2592,1]},
{"frame":224,"values":[1,0,0,0,0,0.0273,0.9996,0,0,0.9996,-0.0273,0,0.6207,0.0946,-0.262,1]},
{"frame":225,"values":[1,0,0,0,0,0.058,0.9983,0,0,0.9983,-0.058,0,0.6207,0.0882,-0.2665,1]},
{"frame":226,"values":[1,0,0,0,0,0.0969,0.9953,0,0,0.9953,-0.0969,0,0.6207,0.08,-0.2726,1]},
{"frame":227,"values":[1,0,0,0,0,0.1415,0.9899,0,0,0.9899,-0.1415,0,0.6207,0.0706,-0.28,1]},
{"frame":228,"values":[1,0,0,0,0,0.1895,0.9819,0,0,0.9819,-0.1895,0,0.6207,0.0604,-0.2886,1]},
{"frame":229,"values":[1,0,0,0,0,0.2382,0.9712,0,0,0.9712,-0.2382,0,0.6207,0.05,-0.2982,1]},
{"frame":230,"values":[1,0,0,0,0,0.2851,0.9585,0,0,0.9585,-0.2851,0,0.6207,0.0399,-0.3087,1]},
{"frame":231,"values":[1,0,0,0,0,0.3279,0.9447,0,0,0.9447,-0.3279,0,0.6207,0.0304,-0.3199,1]},
{"frame":232,"values":[1,0,0,0,0,0.3645,0.9312,0,0,0.9312,-0.3645,0,0.6207,0.0223,-0.3317,1]},
{"frame":233,"values":[1,0,0,0,0,0.3929,0.9196,0,0,0.9196,-0.3929,0,0.6207,0.0158,-0.3438,1]},
{"frame":234,"values":[1,0,0,0,0,0.4113,0.9115,0,0,0.9115,-0.4113,0,0.6207,0.0116,-0.3562,1]},
{"frame":235,"values":[1,0,0,0,0,0.4179,0.9085,0,0,0.9085,-0.4179,0,0.6207,0.01,-0.3686,1]},
{"frame":236,"values":[1,0,0,0,0,0.377,0.9262,0,0,0.9262,-0.377,0,0.6207,0.017,-0.3811,1]},
{"frame":237,"values":[1,0,0,0,0,0.276,0.9612,0,0,0.9612,-0.276,0,0.6207,0.0345,-0.3945,1]},
{"frame":238,"values":[1,0,0,0,0,0.151,0.9885,0,0,0.9885,-0.151,0,0.6207,0.0575,-0.4099,1]},
{"frame":239,"values":[1,0,0,0,0,0.0446,0.999,0,0,0.999,-0.0446,0,0.6207,0.0812,-0.4282,1]},
{"frame":240,"values":[1,0,0,0,0,0,1,0,0,1,0,0,0.6207,0.1004,-0.4506,1]},
{"frame":241,"values":[1,-0.0079,0.0033,0,-0.0032,0.0081,1,0,0.0079,0.9999,-0.0081,0,0.6165,0.1134,-0.4776,1]},
{"frame":242,"values":[0.9995,-0.0297,0.0129,0,-0.0119,0.0316,0.9994,0,0.0301,0.9991,-0.0312,0,0.6047,0.1221,-0.509,1]},
{"frame":243,"values":[0.9976,-0.0626,0.0285,0,-0.0241,0.0692,0.9973,0,0.0644,0.9956,-0.0675,0,0.586,0.1273,-0.544,1]},
{"frame":244,"values":[0.9934,-0.1036,0.0503,0,-0.0377,0.1198,0.9921,0,0.1088,0.9874,-0.1151,0,0.5614,0.13,-0.5818,1]},
{"frame":245,"values":[0.9857,-0.1492,0.0781,0,-0.0503,0.182,0.982,0,0.1608,0.9719,-0.1719,0,0.5318,0.131,-0.6217,1]},
{"frame":246,"values":[0.9742,-0.196,0.1116,0,-0.0596,0.2536,0.9655,0,0.2175,0.9473,-0.2354,0,0.4981,0.1312,-0.663,1]},
{"frame":247,"values":[0.9592,-0.24,0.1497,0,-0.0639,0.3318,0.9412,0,0.2756,0.9123,-0.3029,0,0.4611,0.1313,-0.705,1]},
{"frame":248,"values":[0.9415,-0.2779,0.1905,0,-0.0618,0.4133,0.9085,0,0.3312,0.8672,-0.372,0,0.4218,0.1323,-0.7469,1]},
{"frame":249,"values":[0.9232,-0.3067,0.2315,0,-0.0532,0.4945,0.8675,0,0.3805,0.8132,-0.4403,0,0.3811,0.135,-0.788,1]},
{"frame":250,"values":[0.9067,-0.3243,0.2695,0,-0.0388,0.5722,0.8192,0,0.4199,0.7532,-0.5063,0,0.3398,0.1403,-0.8276,1]},
{"frame":251,"values":[0.8948,-0.3298,0.3011,0,-0.0202,0.6437,0.765,0,0.4461,0.6906,-0.5692,0,0.2989,0.149,-0.8649,1]},
{"frame":252,"values":[0.8898,-0.3226,0.3226,0,0,0.7071,0.7071,0,0.4563,0.6292,-0.6292,0,0.2592,0.1619,-0.8992,1]},
{"frame":253,"values":[0.904,-0.2935,0.3108,0,0.0244,0.7613,0.648,0,0.4268,0.5782,-0.6954,0,0.2215,0.18,-0.9301,1]},
{"frame":254,"values":[0.9385,-0.2401,0.248,0,0.0515,0.8078,0.5872,0,0.3413,0.5384,-0.7705,0,0.1859,0.2029,-0.9575,1]},
{"frame":255,"values":[0.9751,-0.1714,0.1407,0,0.0737,0.8489,0.5234,0,0.2092,0.5,-0.8404,0,0.1524,0.2298,-0.9818,1]},
{"frame":256,"values":[0.9953,-0.0972,0.0011,0,0.0859,0.885,0.4576,0,0.0454,0.4554,-0.8891,0,0.121,0.2598,-1.0033,1]},
{"frame":257,"values":[0.9881,-0.0277,-0.1512,0,0.0858,0.9155,0.393,0,-0.1275,0.4013,-0.907,0,0.0917,0.2922,-1.0224,1]},
{"frame":258,"values":[0.9556,0.028,-0.2932,0,0.0747,0.9398,0.3334,0,-0.2849,0.3405,-0.896,0,0.0643,0.326,-1.0393,1]},
{"frame":259,"values":[0.9114,0.0649,-0.4063,0,0.057,0.9581,0.2809,0,-0.4075,0.2791,-0.8695,0,0.039,0.3604,-1.0543,1]},
{"frame":260,"values":[0.8742,0.0817,-0.4787,0,0.038,0.9712,0.2352,0,-0.4841,0.2238,-0.8459,0,0.0156,0.3947,-1.0678,1]},
{"frame":261,"values":[0.8606,0.0794,-0.503,0,0.0231,0.9807,0.1943,0,-0.5087,0.1788,-0.8422,0,-0.0058,0.428,-1.08,1]},
{"frame":262,"values":[0.8719,0.0664,-0.4852,0,0.0121,0.9876,0.1568,0,-0.4895,0.1425,-0.8603,0,-0.0252,0.4594,-1.0913,1]},
{"frame":263,"values":[0.896,0.052,-0.4409,0,0.0027,0.9924,0.1227,0,-0.4439,0.1112,-0.8891,0,-0.0427,0.4887,-1.1015,1]},
{"frame":264,"values":[0.9258,0.0382,-0.3762,0,-0.0038,0.9958,0.092,0,-0.3781,0.0837,-0.922,0,-0.058,0.5152,-1.1106,1]},
{"frame":265,"values":[0.9543,0.0261,-0.2977,0,-0.0071,0.9979,0.0649,0,-0.2987,0.0598,-0.9525,0,-0.0712,0.5388,-1.1186,1]},
{"frame":266,"values":[0.9768,0.0163,-0.2135,0,-0.0075,0.9991,0.0419,0,-0.214,0.0393,-0.976,0,-0.0822,0.559,-1.1253,1]},
{"frame":267,"values":[0.9911,0.0089,-0.1327,0,-0.0058,0.9997,0.0237,0,-0.1329,0.0227,-0.9909,0,-0.0909,0.5753,-1.1306,1]},
{"frame":268,"values":[0.9979,0.0039,-0.0644,0,-0.0033,0.9999,0.0106,0,-0.0645,0.0103,-0.9979,0,-0.0972,0.5875,-1.1345,1]},
{"frame":269,"values":[0.9998,0.001,-0.0175,0,-0.0009,1,0.0027,0,-0.0175,0.0026,-0.9998,0,-0.101,0.595,-1.1369,1]},
{"frame":270,"values":[1,0,0,0,0,1,0,0,0,0,-1,0,-0.1023,0.5977,-1.1377,1]},
{"frame":281,"values":[1,0,0,0,0,1,0,0,0,0,-1,0,-0.1023,0.5977,-1.1377,1]},
{"frame":282,"values":[1,0,0,0,0,0.9995,0.0323,0,0,0.0323,-0.9995,0,-0.1023,0.5977,-1.1377,1]},
{"frame":283,"values":[1,0,0,0,0,0.9924,0.1228,0,0,0.1228,-0.9924,0,-0.1023,0.5977,-1.1377,1]},
{"frame":284,"values":[1,0,0,0,0,0.9652,0.2616,0,0,0.2616,-0.9652,0,-0.1023,0.5977,-1.1377,1]},
{"frame":285,"values":[1,0,0,0,0,0.9012,0.4334,0,0,0.4334,-0.9012,0,-0.1023,0.5977,-1.1377,1]},
{"frame":286,"values":[1,0,0,0,0,0.788,0.6156,0,0,0.6156,-0.788,0,-0.1023,0.5977,-1.1377,1]},
{"frame":287,"values":[1,0,0,0,0,0.6245,0.781,0,0,0.781,-0.6245,0,-0.1023,0.5977,-1.1377,1]},
{"frame":288,"values":[1,0,0,0,0,0.4237,0.9058,0,0,0.9058,-0.4237,0,-0.1023,0.5977,-1.1377,1]},
{"frame":289,"values":[1,0,0,0,0,0.2081,0.9781,0,0,0.9781,-0.2081,0,-0.1023,0.5977,-1.1377,1]},
{"frame":290,"values":[1,0,0,0,0,0,1,0,0,1,0,0,-0.1023,0.5977,-1.1377,1]},
{"frame":291,"values":[1,0,0,0,0,-0.1867,0.9824,0,0,0.9824,0.1867,0,-0.1023,0.5977,-1.1377,1]},
{"frame":292,"values":[1,0,0,0,0,-0.3508,0.9365,0,0,0.9365,0.3508,0,-0.1023,0.5977,-1.1377,1]},
{"frame":293,"values":[1,0,0,0,0,-0.4945,0.8692,0,0,0.8692,0.4945,0,-0.1023,0.5977,-1.1377,1]},
{"frame":294,"values":[1,0,0,0,0,-0.6201,0.7845,0,0,0.7845,0.6201,0,-0.1023,0.5977,-1.1377,1]},
{"frame":295,"values":[1,0,0,0,0,-0.729,0.6845,0,0,0.6845,0.729,0,-0.1023,0.5977,-1.1377,1]},
{"frame":296,"values":[1,0,0,0,0,-0.8214,0.5703,0,0,0.5703,0.8214,0,-0.1023,0.5977,-1.1377,1]},
{"frame":297,"values":[1,0,0,0,0,-0.8966,0.4428,0,0,0.4428,0.8966,0,-0.1023,0.5977,-1.1377,1]},
{"frame":298,"values":[1,0,0,0,0,-0.9529,0.3034,0,0,0.3034,0.9529,0,-0.1023,0.5977,-1.1377,1]},
{"frame":299,"values":[1,0,0,0,0,-0.988,0.1545,0,0,0.1545,0.988,0,-0.1023,0.5977,-1.1377,1]},
{"frame":300,"values":[1,0,0,0,0,-1,0,0,0,0,1,0,-0.1023,0.5977,-1.1377,1]},
{"frame":301,"values":[1,0,0,0,0,-0.9879,-0.1549,0,0,-0.1549,0.9879,0,-0.1023,0.5977,-1.1377,1]},
{"frame":302,"values":[1,0,0,0,0,-0.9523,-0.3053,0,0,-0.3053,0.9523,0,-0.1023,0.5977,-1.1377,1]},
{"frame":303,"values":[1,0,0,0,0,-0.8946,-0.4469,0,0,-0.4469,0.8946,0,-0.1023,0.5977,-1.1377,1]},
{"frame":304,"values":[1,0,0,0,0,-0.8169,-0.5768,0,0,-0.5768,0.8169,0,-0.1023,0.5977,-1.1377,1]},
{"frame":305,"values":[1,0,0,0,0,-0.7211,-0.6929,0,0,-0.6929,0.7211,0,-0.1023,0.5977,-1.1377,1]},
{"frame":306,"values":[1,0,0,0,0,-0.6086,-0.7935,0,0,-0.7935,0.6086,0,-0.1023,0.5977,-1.1377,1]},
{"frame":307,"values":[1,0,0,0,0,-0.4804,-0.8771,0,0,-0.8771,0.4804,0,-0.1023,0.5977,-1.1377,1]},
{"frame":308,"values":[1,0,0,0,0,-0.3364,-0.9417,0,0,-0.9417,0.3364,0,-0.1023,0.5977,-1.1377,1]},
{"frame":309,"values":[1,0,0,0,0,-0.1764,-0.9843,0,0,-0.9843,0.1764,0,-0.1023,0.5977,-1.1377,1]},
{"frame":310,"values":[1,0,0,0,0,0,-1,0,0,-1,0,0,-0.1023,0.5977,-1.1377,1]},
{"frame":311,"values":[1,0,0,0,0,0.1911,-0.9816,0,0,-0.9816,-0.1911,0,-0.1023,0.5977,-1.1377,1]},
{"frame":312,"values":[1,0,0,0,0,0.3871,-0.9221,0,0,-0.9221,-0.3871,0,-0.1023,0.5977,-1.1377,1]},
{"frame":313,"values":[1,0,0,0,0,0.5727,-0.8198,0,0,-0.8198,-0.5727,0,-0.1023,0.5977,-1.1377,1]},
{"frame":314,"values":[1,0,0,0,0,0.732,-0.6814,0,0,-0.6814,-0.732,0,-0.1023,0.5977,-1.1377,1]},
{"frame":315,"values":[1,0,0,0,0,0.8532,-0.5216,0,0,-0.5216,-0.8532,0,-0.1023,0.5977,-1.1377,1]},
{"frame":316,"values":[1,0,0,0,0,0.933,-0.3599,0,0,-0.3599,-0.933,0,-0.1023,0.5977,-1.1377,1]},
{"frame":317,"values":[1,0,0,0,0,0.9767,-0.2146,0,0,-0.2146,-0.9767,0,-0.1023,0.5977,-1.1377,1]},
{"frame":318,"values":[1,0,0,0,0,0.995,-0.1001,0,0,-0.1001,-0.995,0,-0.1023,0.5977,-1.1377,1]},
{"frame":319,"values":[1,0,0,0,0,0.9997,-0.0262,0,0,-0.0262,-0.9997,0,-0.1023,0.5977,-1.1377,1]},
{"frame":320,"values":[1,0,0,0,0,1,0,0,0,0,-1,0,-0.1023,0.5977,-1.1377,1]},
{"frame":321,"values":[1,0,0,0,0,1,0,0,0,0,-1,0,-0.1023,0.5945,-1.1377,1]},
{"frame":322,"values":[1,0,0,0,0,1,0,0,0,0,-1,0,-0.1023,0.5859,-1.1377,1]},
{"frame":323,"values":[1,0,0,0,0,1,0,0,0,0,-1,0,-0.1023,0.5733,-1.1377,1]},
{"frame":324,"values":[1,0,0,0,0,1,0,0,0,0,-1,0,-0.1023,0.5579,-1.1377,1]},
{"frame":325,"values":[1,0,0,0,0,1,0,0,0,0,-1,0,-0.1023,0.5412,-1.1377,1]},
{"frame":326,"values":[1,0,0,0,0,1,0,0,0,0,-1,0,-0.1023,0.5245,-1.1377,1]},
{"frame":327,"values":[1,0,0,0,0,1,0,0,0,0,-1,0,-0.1023,0.5091,-1.1377,1]},
{"frame":328,"values":[1,0,0,0,0,1,0,0,0,0,-1,0,-0.1023,0.4965,-1.1377,1]},
{"frame":329,"values":[1,0,0,0,0,1,0,0,0,0,-1,0,-0.1023,0.4879,-1.1377,1]},
{"frame":330,"values":[1,0,0,0,0,1,0,0,0,0,-1,0,-0.1023,0.4847,-1.1377,1]},
{"frame":331,"values":[1,0,0,0,0,1,0,0,0,0,-1,0,-0.1023,0.4879,-1.1377,1]},
{"frame":332,"values":[1,0,0,0,0,1,0,0,0,0,-1,0,-0.1023,0.4965,-1.1377,1]},
{"frame":333,"values":[1,0,0,0,0,1,0,0,0,0,-1,0,-0.1023,0.5091,-1.1377,1]},
{"frame":334,"values":[1,0,0,0,0,1,0,0,0,0,-1,0,-0.1023,0.5245,-1.1377,1]},
{"frame":335,"values":[1,0,0,0,0,1,0,0,0,0,-1,0,-0.1023,0.5412,-1.1377,1]},
{"frame":336,"values":[1,0,0,0,0,1,0,0,0,0,-1,0,-0.1023,0.5579,-1.1377,1]},
{"frame":337,"values":[1,0,0,0,0,1,0,0,0,0,-1,0,-0.1023,0.5733,-1.1377,1]},
{"frame":338,"values":[1,0,0,0,0,1,0,0,0,0,-1,0,-0.1023,0.5859,-1.1377,1]},
{"frame":339,"values":[1,0,0,0,0,1,0,0,0,0,-1,0,-0.1023,0.5945,-1.1377,1]},
{"frame":340,"values":[1,0,0,0,0,1,0,0,0,0,-1,0,-0.1023,0.5977,-1.1377,1]}],"loopBehavior":1,"name":"anim","property":"_matrix"}}]
,"ranges":[{"name":"StickTheCard","from":0,"to":139},{"name":"UnstickTheCard","from":150,"to":270},{"name":"Wtf","from":280,"to":340}]}],
"meshes":[{"name":"touch l 3","id":"touch l 3","materialId":"TouchButtons","billboardMode":0,"position":[-0.6046,-0.0328,0.2361],"rotation":[-0.944,0,0],"scaling":[0.1555,0.0343,0.0474],"isVisible":true,"freezeWorldMatrix":false,"isEnabled":true,"checkCollisions":false,"receiveShadows":false,"pickable":true,"tags":""
,"positions":[1,0,-1,-1,0,1,-1,0,-1,1,0,1]
,"normals":[0,1,0,0,1,0,0,1,0,0,1,0]
,"uvs":[1,0,0,1,0,0,1,1]
,"indices":[0,1,2,0,3,1]
,"subMeshes":[{"materialIndex":0,"verticesStart":0,"verticesCount":4,"indexStart":0,"indexCount":6}]
,"instances":[]}
,{"name":"touch r 0","id":"touch r 0","materialId":"TouchButtons","billboardMode":0,"position":[0.0655,-0.312,0.0339],"rotation":[-0.944,0,0],"scaling":[0.1555,0.0343,0.0474],"isVisible":true,"freezeWorldMatrix":false,"isEnabled":true,"checkCollisions":false,"receiveShadows":false,"pickable":true,"tags":""
,"positions":[1,0,-1,-1,0,1,-1,0,-1,1,0,1]
,"normals":[0,1,0,0,1,0,0,1,0,0,1,0]
,"uvs":[1,0,0,1,0,0,1,1]
,"indices":[0,1,2,0,3,1]
,"subMeshes":[{"materialIndex":0,"verticesStart":0,"verticesCount":4,"indexStart":0,"indexCount":6}]
,"instances":[]}
,{"name":"touch r 1","id":"touch r 1","materialId":"TouchButtons","billboardMode":0,"position":[0.0655,-0.222,0.0991],"rotation":[-0.944,0,0],"scaling":[0.1555,0.0343,0.0474],"isVisible":true,"freezeWorldMatrix":false,"isEnabled":true,"checkCollisions":false,"receiveShadows":false,"pickable":true,"tags":""
,"positions":[1,0,-1,-1,0,1,-1,0,-1,1,0,1]
,"normals":[0,1,0,0,1,0,0,1,0,0,1,0]
,"uvs":[1,0,0,1,0,0,1,1]
,"indices":[0,1,2,0,3,1]
,"subMeshes":[{"materialIndex":0,"verticesStart":0,"verticesCount":4,"indexStart":0,"indexCount":6}]
,"instances":[]}
,{"name":"touch r 2","id":"touch r 2","materialId":"TouchButtons","billboardMode":0,"position":[0.0655,-0.1228,0.1709],"rotation":[-0.944,0,0],"scaling":[0.1555,0.0343,0.0474],"isVisible":true,"freezeWorldMatrix":false,"isEnabled":true,"checkCollisions":false,"receiveShadows":false,"pickable":true,"tags":""
,"positions":[1,0,-1,-1,0,1,-1,0,-1,1,0,1]
,"normals":[0,1,0,0,1,0,0,1,0,0,1,0]
,"uvs":[1,0,0,1,0,0,1,1]
,"indices":[0,1,2,0,3,1]
,"subMeshes":[{"materialIndex":0,"verticesStart":0,"verticesCount":4,"indexStart":0,"indexCount":6}]
,"instances":[]}
,{"name":"touch r 3","id":"touch r 3","materialId":"TouchButtons","billboardMode":0,"position":[0.0655,-0.0328,0.2361],"rotation":[-0.944,0,0],"scaling":[0.1555,0.0343,0.0474],"isVisible":true,"freezeWorldMatrix":false,"isEnabled":true,"checkCollisions":false,"receiveShadows":false,"pickable":true,"tags":""
,"positions":[1,0,-1,-1,0,1,-1,0,-1,1,0,1]
,"normals":[0,1,0,0,1,0,0,1,0,0,1,0]
,"uvs":[1,0,0,1,0,0,1,1]
,"indices":[0,1,2,0,3,1]
,"subMeshes":[{"materialIndex":0,"verticesStart":0,"verticesCount":4,"indexStart":0,"indexCount":6}]
,"instances":[]}
,{"name":"touch l 0","id":"touch l 0","materialId":"TouchButtons","billboardMode":0,"position":[-0.6046,-0.312,0.0339],"rotation":[-0.944,0,0],"scaling":[0.1555,0.0343,0.0474],"isVisible":true,"freezeWorldMatrix":false,"isEnabled":true,"checkCollisions":false,"receiveShadows":false,"pickable":true,"tags":""
,"positions":[1,0,-1,-1,0,1,-1,0,-1,1,0,1]
,"normals":[0,1,0,0,1,0,0,1,0,0,1,0]
,"uvs":[1,0,0,1,0,0,1,1]
,"indices":[0,1,2,0,3,1]
,"subMeshes":[{"materialIndex":0,"verticesStart":0,"verticesCount":4,"indexStart":0,"indexCount":6}]
,"instances":[]}
,{"name":"touch l 1","id":"touch l 1","materialId":"TouchButtons","billboardMode":0,"position":[-0.6046,-0.222,0.0991],"rotation":[-0.944,0,0],"scaling":[0.1555,0.0343,0.0474],"isVisible":true,"freezeWorldMatrix":false,"isEnabled":true,"checkCollisions":false,"receiveShadows":false,"pickable":true,"tags":""
,"positions":[1,0,-1,-1,0,1,-1,0,-1,1,0,1]
,"normals":[0,1,0,0,1,0,0,1,0,0,1,0]
,"uvs":[1,0,0,1,0,0,1,1]
,"indices":[0,1,2,0,3,1]
,"subMeshes":[{"materialIndex":0,"verticesStart":0,"verticesCount":4,"indexStart":0,"indexCount":6}]
,"instances":[]}
,{"name":"touch l 2","id":"touch l 2","materialId":"TouchButtons","billboardMode":0,"position":[-0.6046,-0.1228,0.1709],"rotation":[-0.944,0,0],"scaling":[0.1555,0.0343,0.0474],"isVisible":true,"freezeWorldMatrix":false,"isEnabled":true,"checkCollisions":false,"receiveShadows":false,"pickable":true,"tags":""
,"positions":[1,0,-1,-1,0,1,-1,0,-1,1,0,1]
,"normals":[0,1,0,0,1,0,0,1,0,0,1,0]
,"uvs":[1,0,0,1,0,0,1,1]
,"indices":[0,1,2,0,3,1]
,"subMeshes":[{"materialIndex":0,"verticesStart":0,"verticesCount":4,"indexStart":0,"indexCount":6}]
,"instances":[]}
,{"name":"atm","id":"atm","materialId":"AtmTextured","billboardMode":0,"position":[0.0163,-0.0438,-0.0162],"rotation":[0,0,0],"scaling":[1,1,1],"isVisible":true,"freezeWorldMatrix":false,"isEnabled":true,"checkCollisions":false,"receiveShadows":false,"pickable":true,"tags":"","skeletonId":0,"numBoneInfluencers":1
,"positions":[0.7785,0.818,-0.3665,0.7768,0.8159,-0.3575,0.7768,0.7695,-0.3417,0.7019,0.7156,-0.1864,0.7001,0.7165,-0.2056,-0.8691,0.7159,-0.1996,-0.8669,0.7718,-0.3194,0.7021,0.7553,-0.3038,0.7046,0.7717,-0.3194,0.7046,0.7717,-0.3194,0.701,0.7907,-0.3316,-0.8669,0.7718,-0.3194,-0.869,0.8282,-0.3478,0.703,0.8096,-0.3408,0.7051,0.8282,-0.3479,0.7794,0.6512,-0.3865,0.7798,0.6945,-0.385
,0.7783,0.6893,-0.2607,0.8846,-0.8762,-0.3995,0.7828,-0.7787,-0.3996,0.7309,-0.7923,-0.3995,0.7692,0.7128,-0.2303,0.7745,0.7051,-0.2058,0.7744,0.7109,-0.2488,0.7746,0.7763,-0.3367,0.7692,0.7887,-0.3375,0.7692,0.7691,-0.3256,0.7692,0.817,-0.3495,0.938,0.8287,-0.3974,0.9382,0.843,-0.3951,0.8084,0.8411,-0.3964,0.9493,0.8558,-0.2796,0.9491,0.8529,-0.3764,0.9501,0.6512,-0.2796
,-0.9464,0.8585,-0.3477,0.7307,0.8579,-0.3514,0.7805,0.8585,-0.3477,0.7776,-0.7089,-0.3712,0.78,-0.684,-0.3865,0.7789,-0.6836,-0.3366,0.7762,-0.7275,-0.3875,0.7814,-0.7041,-0.3919,0.7788,-0.7098,-0.3875,0.7837,0.8286,-0.3906,0.7809,0.8045,-0.3897,0.7833,0.7819,-0.392,0.7798,0.8329,-0.3859,0.7816,0.8409,-0.3877,0.778,-0.7289,-0.3919,0.7717,-0.7405,-0.3866,0.7735,-0.7424,-0.3917
,0.7641,-0.7504,-0.3868,0.766,-0.7523,-0.3918,0.7521,-0.7573,-0.3876,0.7512,-0.7562,-0.3724,0.7293,-0.7645,-0.3917,0.7338,-0.7617,-0.3876,0.7536,-0.759,-0.3918,0.7762,0.8502,-0.3618,0.7688,0.8557,-0.3581,0.7675,0.85,-0.358,0.7707,0.8578,-0.3553,0.78,0.8579,-0.3616,0.7761,0.8558,-0.3613,0.7797,0.8559,-0.3665,0.7299,0.8559,-0.3549,0.7895,0.8585,-0.373,0.7795,0.8512,-0.369
,0.7811,0.8539,-0.38,0.7803,0.8487,-0.383,0.7832,0.8565,-0.3778,0.7834,0.8543,-0.3822,0.7835,0.8507,-0.3854,0.9106,-0.9243,-0.3986,0.9307,-0.9171,-0.3988,-1.0777,-0.9238,-0.3987,0.9466,-0.6417,-0.3961,0.9395,-0.6418,-0.3987,0.9458,-0.9093,-0.3962,0.9462,0.8243,-0.3952,0.9461,0.843,-0.3925,0.9372,0.8499,-0.3917,0.9489,0.8253,-0.3892,0.9489,0.8488,-0.384,0.9461,0.8499,-0.3887
,0.9461,0.843,-0.3925,0.9463,0.856,-0.3641,0.9489,0.8552,-0.3595,0.9449,0.8536,-0.3839,0.9343,0.8566,-0.3707,0.9195,-0.9313,-0.3961,0.9252,-0.9335,-0.3895,0.9389,-0.9252,-0.3962,0.9491,-0.8503,-0.3898,0.9483,-0.9135,-0.3894,0.942,-0.9283,-0.3893,0.946,0.8572,-0.2796,0.9316,0.8582,-0.3349,0.7791,0.6505,0.4203,0.7789,0.6742,0.4203,0.9499,-0.6418,-0.2796,0.9493,-0.6417,-0.3896
,0.9489,-0.9135,-0.2796,0.9492,0.6472,-0.3891,0.9465,-0.6377,-0.3962,0.9494,-0.6377,-0.3894,0.9385,-0.6376,-0.3989,0.9377,0.6471,-0.399,-0.8901,0.7154,0.4203,0.7004,0.7156,0.4203,0.7692,0.7093,0.4203,0.7745,0.7047,0.4203,0.7791,0.6472,-0.356,0.7793,-0.6398,0.0797,0.7792,-0.6377,-0.356,0.7817,0.6511,-0.3913,0.949,0.6512,-0.3897,0.8087,-0.6397,-0.3963,0.9377,-0.6397,-0.3957
,0.8087,-0.6377,-0.3996,0.9498,-0.6377,-0.2796,0.9474,-0.6397,-0.3874,0.9475,-0.6397,-0.2796,0.7828,-0.6397,-0.3887,0.7809,-0.6398,-0.3863,0.7825,-0.6417,-0.3919,0.9453,-0.6397,-0.393,0.8087,0.6491,-0.3963,0.9372,0.6491,-0.3957,0.8087,0.6512,-0.3996,0.938,0.6512,-0.3989,0.7819,0.6491,-0.3879,0.781,0.6489,-0.3614,0.9472,0.6491,-0.3871,0.9475,0.6491,-0.2796,0.755,0.7131,0.4203
,0.779,0.6476,0.4203,0.9449,0.6491,-0.393,0.9462,0.6471,-0.3961,0.8098,-0.6418,-0.3998,0.7809,-0.6398,-0.3863,0.7797,-0.6388,-0.3596,0.7805,-0.6396,-0.3499,0.7797,-0.6412,-0.3747,0.9499,-0.6418,-0.2796,0.783,-0.6376,-0.3921,0.7798,-0.6377,-0.3892,0.7809,-0.6398,-0.3863,0.9453,-0.6397,-0.393,0.8087,0.6471,-0.3996,0.781,0.6491,0.1163,0.9475,0.6491,-0.2796,0.781,0.6491,-0.3381
,-1.0503,-0.8758,-0.3995,0.9234,-0.9346,-0.2796,-1.0316,-0.9347,-0.3894,-1.0905,-0.9346,-0.2796,0.7078,-0.7643,-0.3876,0.7791,0.6471,-0.3601,0.7795,0.6471,-0.387,0.7804,-0.5931,-0.3567,0.7792,-0.6377,-0.356,0.7814,-0.6146,-0.3578,0.7803,-0.6256,-0.3552,0.7792,-0.6377,-0.356,0.7818,0.6479,-0.358,0.7808,-0.6389,-0.356,0.8074,0.8551,-0.3881,0.8085,0.8508,-0.3926,0.8063,0.8571,-0.3828
,0.8087,0.6512,-0.3996,0.8089,0.8059,-0.3992,0.8087,0.6512,-0.3996,0.8062,-0.733,-0.3996,0.7974,-0.762,-0.3996,0.7828,-0.7787,-0.3996,0.6486,-0.779,-0.3953,-0.9433,0.8498,-0.362,-0.9462,0.8485,-0.3693,-0.9438,0.8054,-0.3554,0.6561,0.7237,-0.2463,-0.8671,0.7188,-0.2263,0.7042,0.7187,-0.2261,-0.8688,0.7557,-0.3043,-0.8686,0.8107,-0.3412,-0.9458,0.6956,-0.3396,-0.9441,0.7199,-0.3029
,-0.9442,0.7557,-0.3373,-0.9471,0.8167,-0.3883,-0.9465,0.651,-0.3834,-0.9455,0.806,-0.3641,-0.9455,0.6894,-0.2664,-0.9444,0.6957,-0.2074,-0.946,0.6741,0.4203,-0.9443,0.6962,0.4203,-1.1027,-0.9142,-0.3986,-0.96,-0.77,-0.3996,-0.9351,-0.7853,-0.3996,-0.9415,0.7051,-0.2057,-0.9363,0.7128,-0.2303,-0.9415,0.7108,-0.2485,-0.9415,0.8169,-0.353,-0.9354,0.85,-0.3581,-0.9433,0.8498,-0.362
,-0.9416,0.7756,-0.3364,-0.9363,0.8156,-0.349,-0.9757,0.8575,-0.3814,-0.9504,0.8567,-0.3777,-0.9552,0.8584,-0.3725,-1.0589,0.8283,-0.398,-1.1052,0.8431,-0.395,-1.1058,0.8273,-0.3973,-0.9755,0.8512,-0.3924,-1.1053,0.8502,-0.3912,-1.049,0.8571,-0.3756,-1.1044,0.8541,-0.3844,-0.9746,0.8552,-0.3881,-0.8697,-0.7935,-0.3996,-1.116,0.8488,-0.384,-1.1162,0.8529,-0.3762,-1.1163,0.6512,-0.3889
,-1.116,0.8552,-0.3592,-1.1162,0.8559,-0.2796,-0.9419,-0.7264,-0.3419,-0.9446,-0.7091,-0.3716,-0.943,-0.727,-0.3866,-0.9483,-0.7041,-0.3916,-0.9458,-0.7098,-0.3875,-0.947,-0.6841,-0.3865,0.6455,-0.768,-0.3917,-0.8242,-0.7659,-0.3876,-0.8261,-0.7677,-0.3918,-0.9449,-0.7289,-0.3917,-0.9387,-0.7405,-0.3866,-0.943,-0.727,-0.3866,-0.9411,-0.7417,-0.3919,-0.9312,-0.7504,-0.3868,-0.8961,-0.7645,-0.3917
,-0.9192,-0.7573,-0.3876,-0.9208,-0.759,-0.3919,-0.9331,-0.7522,-0.3919,-0.9183,-0.7562,-0.3724,-0.9359,0.8557,-0.3581,-0.9444,0.8558,-0.3623,-0.8954,0.8558,-0.3548,-0.9006,0.8579,-0.3515,-0.8954,0.8558,-0.3548,-0.9482,0.8579,-0.3647,-0.9422,0.8577,-0.3569,-0.9475,0.8559,-0.3692,-0.9478,0.8535,-0.3798,-0.9502,0.8541,-0.3822,-0.9503,0.8504,-0.3854,-0.9486,0.8408,-0.3878,-0.9476,0.847,-0.3842
,-1.0863,-0.9313,-0.3962,0.8724,-0.9345,-0.3896,-1.1132,0.824,-0.3953,-1.1131,0.843,-0.3925,-1.1122,0.8555,-0.3721,-1.1131,0.8536,-0.3818,-1.1131,0.8499,-0.3887,-1.116,0.8488,-0.384,-1.1159,0.8255,-0.3891,-1.1129,-0.9092,-0.3961,-1.1059,-0.9252,-0.3962,-1.1153,-0.9135,-0.3895,-1.0919,-0.9336,-0.3897,-1.109,-0.9283,-0.3893,-0.946,0.6507,0.4203,-0.946,0.6741,0.4203,-1.1056,-0.6419,-0.3991
,-1.117,-0.6418,-0.2796,-1.1161,-0.8512,-0.3897,-1.1163,-0.6418,-0.3897,-0.9261,0.7128,-0.202,-0.9364,0.7096,-0.2027,-0.926,0.7123,0.4203,-0.9415,0.7047,0.4203,-0.9363,0.7093,0.4203,-0.9461,0.6471,-0.356,-0.946,-0.6817,0.4203,-0.9462,0.6479,0.4203,-0.946,-0.6817,0.4203,-0.9462,-0.639,0.0689,-0.9461,0.6471,-0.356,-0.9462,-0.6378,-0.3561,-0.9503,0.7864,-0.3919,-0.9476,0.6511,-0.3897
,-0.9757,-0.6377,-0.3996,-1.1055,-0.6377,-0.3989,-0.9754,-0.6397,-0.3963,-1.1045,-0.6397,-0.3957,-0.9474,-0.6396,-0.3482,-0.9478,-0.6398,-0.3859,-0.9498,-0.6397,-0.3886,-0.9495,-0.6417,-0.3919,-1.1123,-0.6397,-0.393,-1.1144,-0.6397,-0.3874,-1.1136,-0.6418,-0.3961,-0.9757,0.6491,-0.3963,-1.1049,0.6511,-0.3989,-1.1043,0.6491,-0.3956,-0.9757,0.6512,-0.3996,-1.1169,0.6512,-0.2796,-1.1143,0.6491,-0.3871
,-0.9472,0.6471,-0.3894,-0.9489,0.6492,-0.3878,-0.9503,0.6471,-0.392,-1.1162,0.6472,-0.389,-1.1119,0.6491,-0.393,-1.1132,0.6471,-0.3961,-1.1043,0.6491,-0.3956,-0.9757,-0.6418,-0.3996,-0.9465,-0.6417,-0.3726,-1.1145,-0.6397,-0.2796,-0.9466,-0.6378,-0.389,-1.1164,-0.6377,-0.3891,-1.1136,-0.6377,-0.3961,-1.1047,0.6471,-0.399,-0.9757,0.6471,-0.3996,-1.1145,0.6491,-0.2796,-1.1169,0.6471,-0.2796
,-1.1145,0.6491,-0.2796,-0.9489,0.6492,-0.3878,-0.9499,0.6512,-0.3919,-0.9465,0.651,-0.3834,-1.1043,0.6491,-0.3956,-1.1132,0.6512,-0.3961,-0.8724,0.7418,-0.2864,0.7005,0.742,-0.2863,-0.8719,0.7906,-0.3317,0.9329,0.8584,-0.2796,-1.0869,0.8586,-0.2796,-0.9008,-0.7617,-0.3876,-0.8748,-0.7643,-0.3876,-0.8959,0.8511,-0.355,0.7263,0.8508,-0.3549,-0.9459,0.6471,-0.3603,-0.9472,0.6471,-0.3894
,-0.9469,-0.639,-0.3601,-0.9461,-0.6377,-0.36,-0.9472,0.6471,-0.3894,-0.9461,0.6471,-0.356,-0.9493,-0.2773,-0.3581,-0.9481,0.649,-0.349,-0.9489,0.6479,-0.358,-0.9482,-0.6167,-0.3578,-0.9477,-0.639,-0.3555,-0.9746,0.8552,-0.3881,-0.9757,0.6512,-0.3996,-0.9757,0.8044,-0.3993,-0.9757,0.6512,-0.3996,-0.9489,0.6492,-0.3878,-0.9505,-0.6377,-0.3923,-0.9503,0.6471,-0.392,-0.9731,-0.7345,-0.3996
